# 3601 0 3.14159
0 0.495 1499.05
0.000872664 0.494554 1497.64
0.00174533 0.494353 1496.22
0.00261799 0.491604 1494.81
0.00349066 0.492326 1493.4
0.00436332 0.492182 1491.99
0.00523599 0.492038 1490.58
0.00610865 0.49276 1489.17
0.00698132 0.490017 1487.76
0.00785398 0.489799 1486.36
0.00872664 0.493413 1484.95
0.00959931 0.489644 1483.54
0.010472 0.490641 1482.14
0.0113446 0.490421 1480.73
0.0122173 0.490292 1479.33
0.01309 0.491031 1477.92
0.0139626 0.488215 1476.52
0.0148353 0.488259 1475.12
0.015708 0.490903 1473.72
0.0165806 0.490756 1472.31
0.0174533 0.488692 1470.91
0.018326 0.486629 1469.51
0.0191986 0.486479 1468.12
0.0200713 0.489142 1466.72
0.0209439 0.489113 1465.32
0.0218166 0.486552 1463.92
0.0226893 0.486354 1462.53
0.0235619 0.489713 1461.13
0.0244346 0.486947 1459.73
0.0253073 0.484184 1458.34
0.0261799 0.487527 1456.95
0.0270526 0.487382 1455.55
0.0279253 0.484618 1454.16
0.0287979 0.485357 1452.77
0.0296706 0.485162 1451.38
0.0305433 0.485202 1449.99
0.0314159 0.485241 1448.6
0.0322886 0.485046 1447.21
0.0331613 0.485783 1445.82
0.0340339 0.483033 1444.43
0.0349066 0.482821 1443.05
0.0357792 0.486418 1441.66
0.0366519 0.482717 1440.27
0.0375246 0.483456 1438.89
0.0383972 0.484196 1437.5
0.0392699 0.480495 1436.12
0.0401426 0.484092 1434.74
0.0410152 0.483877 1433.35
0.0418879 0.481133 1431.97
0.0427606 0.481856 1430.59
0.0436332 0.481711 1429.21
0.0445059 0.481567 1427.83
0.0453786 0.482288 1426.45
0.0462512 0.479546 1425.07
0.0471239 0.479325 1423.7
0.0479965 0.482941 1422.32
0.0488692 0.479171 1420.94
0.0497419 0.480168 1419.57
0.0506145 0.479951 1418.19
0.0514872 0.479821 1416.82
0.0523599 0.480558 1415.44
0.0532325 0.477744 1414.07
0.0541052 0.477787 1412.7
0.0549779 0.48043 1411.33
0.0558505 0.480285 1409.95
0.0567232 0.47822 1408.58
0.0575959 0.476156 1407.21
0.0584685 0.476007 1405.85
0.0593412 0.478669 1404.48
0.0602138 0.478642 1403.11
0.0610865 0.47608 1401.74
0.0619592 0.475881 1400.38
0.0628318 0.479241 1399.01
0.0637045 0.476475 1397.64
0.0645772 0.473712 1396.28
0.0654498 0.477056 1394.92
0.0663225 0.476911 1393.55
0.0671952 0.474145 1392.19
0.0680678 0.474885 1390.83
0.0689405 0.474691 1389.47
0.0698132 0.47473 1388.11
0.0706858 0.474768 1386.75
0.0715585 0.474575 1385.39
0.0724312 0.475311 1384.03
0.0733038 0.472562 1382.67
0.0741765 0.472349 1381.32
0.0750491 0.475946 1379.96
0.0759218 0.472244 1378.6
0.0767945 0.472984 1377.25
0.0776671 0.473724 1375.89
0.0785398 0.470022 1374.54
0.0794125 0.473619 1373.19
0.0802851 0.473407 1371.83
0.0811578 0.470661 1370.48
0.0820305 0.471384 1369.13
0.0829031 0.471239 1367.78
0.0837758 0.471094 1366.43
0.0846485 0.471817 1365.08
0.0855211 0.469073 1363.73
0.0863938 0.468855 1362.39
0.0872664 0.472469 1361.04
0.0881391 0.468699 1359.69
0.0890118 0.469696 1358.35
0.0898844 0.46948 1357
0.0907571 0.469349 1355.66
0.0916298 0.470086 1354.31
0.0925024 0.467268 1352.97
0.0933751 0.467329 1351.63
0.0942478 0.469904 1350.29
0.0951204 0.470017 1348.94
0.0959931 0.466992 1347.6
0.0968658 0.468504 1346.26
0.0977384 0.465481 1344.92
0.0986111 0.465591 1343.59
0.0994838 0.468171 1342.25
0.100356 0.468212 1340.91
0.101229 0.465463 1339.57
0.102102 0.46595 1338.24
0.102974 0.466756 1336.9
0.103847 0.463037 1335.57
0.10472 0.46664 1334.24
0.105592 0.466423 1332.9
0.106465 0.463676 1331.57
0.107338 0.464414 1330.24
0.10821 0.464214 1328.91
0.109083 0.464271 1327.58
0.109956 0.464243 1326.25
0.110828 0.464303 1324.92
0.111701 0.464086 1323.59
0.112574 0.464896 1322.26
0.113446 0.461875 1320.93
0.114319 0.462667 1319.61
0.115192 0.462526 1318.28
0.116064 0.46231 1316.96
0.116937 0.463306 1315.63
0.11781 0.459538 1314.31
0.118682 0.463149 1312.99
0.119555 0.462935 1311.66
0.120428 0.460187 1310.34
0.1213 0.460924 1309.02
0.122173 0.460714 1307.7
0.123046 0.460821 1306.38
0.123918 0.460607 1305.06
0.124791 0.461349 1303.74
0.125664 0.458601 1302.42
0.126536 0.458386 1301.11
0.127409 0.461986 1299.79
0.128282 0.458267 1298.47
0.129154 0.459074 1297.16
0.130027 0.459561 1295.84
0.1309 0.456814 1294.53
0.131772 0.45685 1293.22
0.132645 0.459444 1291.91
0.133518 0.459506 1290.59
0.13439 0.456668 1289.28
0.135263 0.457477 1287.97
0.136136 0.457078 1286.66
0.137008 0.457867 1285.35
0.137881 0.455107 1284.04
0.138754 0.454895 1282.74
0.139626 0.458505 1281.43
0.140499 0.454736 1280.12
0.141372 0.455732 1278.82
0.142244 0.455519 1277.51
0.143117 0.455373 1276.21
0.14399 0.456178 1274.9
0.144862 0.453108 1273.6
0.145735 0.454103 1272.3
0.146608 0.453192 1271
0.14748 0.455849 1269.7
0.148353 0.456592 1268.39
0.149226 0.45097 1267.09
0.150098 0.451772 1265.8
0.150971 0.45418 1264.5
0.151844 0.454225 1263.2
0.152716 0.451641 1261.9
0.153589 0.451449 1260.61
0.154462 0.454807 1259.31
0.155334 0.452039 1258.01
0.156207 0.449278 1256.72
0.15708 0.452623 1255.43
0.157952 0.452476 1254.13
0.158825 0.44971 1252.84
0.159698 0.450454 1251.55
0.16057 0.450251 1250.26
0.161443 0.45031 1248.97
0.162316 0.450281 1247.68
0.163188 0.450342 1246.39
0.164061 0.450124 1245.1
0.164934 0.450933 1243.81
0.165806 0.447913 1242.52
0.166679 0.448705 1241.24
0.167552 0.448564 1239.95
0.168424 0.448348 1238.67
0.169297 0.449345 1237.38
0.17017 0.445575 1236.1
0.171042 0.449187 1234.82
0.171915 0.448971 1233.53
0.172788 0.446223 1232.25
0.17366 0.446963 1230.97
0.174533 0.44675 1229.69
0.175406 0.446863 1228.41
0.176278 0.446629 1227.13
0.177151 0.447443 1225.85
0.178024 0.444421 1224.57
0.178896 0.445227 1223.3
0.179769 0.445018 1222.02
0.180642 0.445057 1220.75
0.181514 0.445112 1219.47
0.182387 0.444846 1218.2
0.18326 0.445857 1216.92
0.184132 0.442081 1215.65
0.185005 0.445697 1214.38
0.185878 0.445485 1213.1
0.18675 0.442721 1211.83
0.187623 0.443511 1210.56
0.188496 0.443118 1209.29
0.189368 0.443905 1208.02
0.190241 0.441144 1206.75
0.191114 0.440932 1205.49
0.191986 0.444544 1204.22
0.192859 0.440775 1202.95
0.193732 0.441771 1201.69
0.194604 0.441556 1200.42
0.195477 0.441411 1199.16
0.19635 0.442216 1197.89
0.197222 0.439144 1196.63
0.198095 0.440141 1195.37
0.198968 0.43923 1194.11
0.19984 0.441888 1192.85
0.200713 0.44263 1191.58
0.201585 0.437004 1190.32
0.202458 0.437809 1189.07
0.203331 0.440218 1187.81
0.204203 0.44026 1186.55
0.205076 0.437679 1185.29
0.205949 0.437487 1184.04
0.206821 0.440843 1182.78
0.207694 0.438076 1181.52
0.208567 0.435315 1180.27
0.209439 0.438657 1179.02
0.210312 0.438513 1177.76
0.211185 0.435749 1176.51
0.212057 0.436488 1175.26
0.21293 0.436289 1174.01
0.213803 0.436346 1172.76
0.214675 0.436316 1171.51
0.215548 0.436379 1170.26
0.216421 0.436162 1169.01
0.217293 0.436968 1167.76
0.218166 0.433952 1166.51
0.219039 0.434742 1165.27
0.219911 0.434599 1164.02
0.220784 0.434386 1162.78
0.221657 0.435381 1161.53
0.222529 0.431611 1160.29
0.223402 0.435225 1159.05
0.224275 0.435011 1157.8
0.225147 0.43226 1156.56
0.22602 0.433 1155.32
0.226893 0.432789 1154.08
0.227765 0.432892 1152.84
0.228638 0.432684 1151.6
0.229511 0.433422 1150.36
0.230383 0.430673 1149.12
0.231256 0.43046 1147.89
0.232129 0.434063 1146.65
0.233001 0.430339 1145.41
0.233874 0.431149 1144.18
0.234747 0.431636 1142.94
0.235619 0.428885 1141.71
0.236492 0.428926 1140.48
0.237365 0.43152 1139.25
0.238237 0.431578 1138.01
0.23911 0.428743 1136.78
0.239983 0.429553 1135.55
0.240855 0.429151 1134.32
0.241728 0.429942 1133.09
0.242601 0.427182 1131.86
0.243473 0.426969 1130.64
0.244346 0.430582 1129.41
0.245219 0.426811 1128.18
0.246091 0.427807 1126.96
0.246964 0.427591 1125.73
0.247837 0.427462 1124.51
0.248709 0.428197 1123.28
0.249582 0.42538 1122.06
0.250455 0.425443 1120.84
0.251327 0.428015 1119.62
0.2522 0.42813 1118.39
0.253073 0.425104 1117.17
0.253945 0.426615 1115.95
0.254818 0.423594 1114.73
0.255691 0.423703 1113.52
0.256563 0.426282 1112.3
0.257436 0.426327 1111.08
0.258309 0.423575 1109.86
0.259181 0.424059 1108.65
0.260054 0.424871 1107.43
0.260927 0.421149 1106.22
0.261799 0.424751 1105.01
0.262672 0.424538 1103.79
0.263545 0.421788 1102.58
0.264417 0.422525 1101.37
0.26529 0.422328 1100.16
0.266163 0.422385 1098.95
0.267035 0.422353 1097.74
0.267908 0.422416 1096.53
0.268781 0.422199 1095.32
0.269653 0.423007 1094.11
0.270526 0.419986 1092.9
0.271399 0.420796 1091.7
0.272271 0.420582 1090.49
0.273144 0.420625 1089.29
0.274017 0.420665 1088.08
0.274889 0.420454 1086.88
0.275762 0.421262 1085.67
0.276635 0.418242 1084.47
0.277507 0.419049 1083.27
0.27838 0.418837 1082.07
0.279253 0.418882 1080.87
0.280125 0.418916 1079.67
0.280998 0.418724 1078.47
0.281871 0.419461 1077.27
0.282743 0.416709 1076.07
0.283616 0.416499 1074.88
0.284489 0.420096 1073.68
0.285361 0.416393 1072.48
0.286234 0.417135 1071.29
0.287107 0.417876 1070.09
0.287979 0.414171 1068.9
0.288852 0.41777 1067.71
0.289725 0.417557 1066.51
0.290597 0.414807 1065.32
0.29147 0.415546 1064.13
0.292343 0.415338 1062.94
0.293215 0.415442 1061.75
0.294088 0.415229 1060.56
0.294961 0.415969 1059.37
0.295833 0.41322 1058.18
0.296706 0.413009 1057
0.297579 0.416608 1055.81
0.298451 0.412886 1054.62
0.299324 0.413696 1053.44
0.300197 0.414182 1052.25
0.301069 0.411432 1051.07
0.301942 0.411471 1049.89
0.302815 0.414066 1048.71
0.303687 0.414126 1047.52
0.30456 0.41129 1046.34
0.305433 0.412099 1045.16
0.306305 0.411698 1043.98
0.307178 0.412491 1042.8
0.308051 0.409729 1041.62
0.308923 0.409515 1040.45
0.309796 0.413128 1039.27
0.310669 0.409359 1038.09
0.311541 0.410356 1036.92
0.312414 0.410137 1035.74
0.313287 0.410008 1034.57
0.314159 0.410744 1033.39
0.315032 0.407929 1032.22
0.315905 0.407988 1031.05
0.316777 0.410562 1029.88
0.31765 0.410677 1028.7
0.318523 0.407652 1027.53
0.319395 0.409161 1026.36
0.320268 0.406138 1025.19
0.321141 0.406253 1024.03
0.322013 0.408824 1022.86
0.322886 0.408887 1021.69
0.323759 0.406068 1020.52
0.324631 0.406811 1019.36
0.325504 0.406665 1018.19
0.326377 0.406503 1017.03
0.327249 0.407297 1015.86
0.328122 0.404279 1014.7
0.328995 0.405088 1013.54
0.329867 0.404872 1012.38
0.33074 0.404928 1011.22
0.331613 0.404916 1010.06
0.332485 0.404907 1008.9
0.333358 0.40496 1007.74
0.33423 0.404759 1006.58
0.335103 0.405498 1005.42
0.335976 0.402741 1004.26
0.336848 0.402564 1003.11
0.337721 0.406028 1001.95
0.338594 0.402815 1000.79
0.339466 0.401731 999.64
0.340339 0.402992 998.486
0.341212 0.40218 997.333
0.342084 0.402086 996.181
0.342957 0.402223 995.029
0.34383 0.401762 993.877
0.344702 0.401381 992.727
0.345575 0.401268 991.577
0.346448 0.401055 990.428
0.34732 0.400971 989.279
0.348193 0.400474 988.131
0.349066 0.400459 986.984
0.349938 0.399965 985.837
0.350811 0.399858 984.692
0.351684 0.399742 983.546
0.352556 0.399266 982.402
0.353429 0.399177 981.258
0.354302 0.398958 980.115
0.355174 0.398878 978.972
0.356047 0.398377 977.83
0.35692 0.398366 976.689
0.357792 0.397868 975.548
0.358665 0.397763 974.409
0.359538 0.397645 973.269
0.36041 0.397172 972.131
0.361283 0.397083 970.993
0.362156 0.396869 969.856
0.363028 0.396779 968.719
0.363901 0.396303 967.583
0.364774 0.396192 966.448
0.365646 0.396057 965.313
0.366519 0.395661 964.179
0.367392 0.395292 963.046
0.368264 0.395077 961.914
0.369137 0.39525 960.782
0.37001 0.394778 959.65
0.370882 0.3944 958.52
0.371755 0.394283 957.39
0.372628 0.39408 956.261
0.3735 0.393968 955.132
0.374373 0.393567 954.004
0.375246 0.393198 952.877
0.376118 0.392983 951.751
0.376991 0.393153 950.625
0.377864 0.392684 949.499
0.378736 0.392306 948.375
0.379609 0.392189 947.251
0.380482 0.39198 946.128
0.381354 0.391891 945.005
0.382227 0.391416 943.883
0.3831 0.391306 942.762
0.383972 0.391171 941.641
0.384845 0.390775 940.521
0.385718 0.390404 939.402
0.38659 0.390189 938.284
0.387463 0.390361 937.166
0.388336 0.389889 936.048
0.389208 0.389512 934.932
0.390081 0.389399 933.816
0.390954 0.389188 932.701
0.391826 0.389103 931.586
0.392699 0.388604 930.472
0.393572 0.388591 929.359
0.394444 0.388096 928.246
0.395317 0.387988 927.135
0.39619 0.387872 926.023
0.397062 0.387398 924.913
0.397935 0.387309 923.803
0.398808 0.387093 922.694
0.39968 0.387004 921.585
0.400553 0.386529 920.477
0.401426 0.386419 919.37
0.402298 0.386285 918.263
0.403171 0.385889 917.157
0.404044 0.385517 916.052
0.404916 0.385304 914.948
0.405789 0.385475 913.844
0.406662 0.385004 912.74
0.407534 0.384627 911.638
0.408407 0.384512 910.536
0.40928 0.384302 909.435
0.410152 0.384211 908.334
0.411025 0.383737 907.234
0.411898 0.383627 906.135
0.41277 0.383492 905.036
0.413643 0.383096 903.938
0.414516 0.382725 902.841
0.415388 0.382511 901.745
0.416261 0.382682 900.649
0.417134 0.382212 899.553
0.418006 0.381834 898.459
0.418879 0.381719 897.365
0.419752 0.38151 896.272
0.420624 0.381419 895.179
0.421497 0.380944 894.087
0.42237 0.380835 892.996
0.423242 0.3807 891.905
0.424115 0.380304 890.815
0.424988 0.379932 889.726
0.42586 0.379719 888.638
0.426733 0.37989 887.55
0.427606 0.379419 886.462
0.428478 0.379041 885.376
0.429351 0.378927 884.29
0.430224 0.378718 883.205
0.431096 0.378624 882.12
0.431969 0.378153 881.036
0.432842 0.378037 879.953
0.433714 0.377928 878.87
0.434587 0.377436 877.788
0.43546 0.377419 876.707
0.436332 0.376928 875.626
0.437205 0.376813 874.547
0.438078 0.376723 873.467
0.43895 0.376153 872.389
0.439823 0.37642 871.311
0.440696 0.375923 870.233
0.441568 0.375553 869.157
0.442441 0.375436 868.081
0.443314 0.375227 867.006
0.444186 0.375136 865.931
0.445059 0.374661 864.857
0.445932 0.374552 863.784
0.446804 0.374416 862.711
0.447677 0.374021 861.639
0.44855 0.373649 860.568
0.449422 0.373436 859.498
0.450295 0.373607 858.428
0.451168 0.373136 857.358
0.45204 0.372759 856.29
0.452913 0.372644 855.222
0.453786 0.372434 854.155
0.454658 0.372341 853.088
0.455531 0.37187 852.022
0.456404 0.371756 850.957
0.457276 0.371638 849.892
0.458149 0.371172 848.828
0.459022 0.371061 847.765
0.459894 0.370926 846.702
0.460767 0.37053 845.64
0.46164 0.370159 844.579
0.462512 0.369945 843.519
0.463385 0.370116 842.459
0.464258 0.369645 841.399
0.46513 0.369268 840.341
0.466003 0.369153 839.283
0.466876 0.368944 838.226
0.467748 0.368851 837.169
0.468621 0.36838 836.113
0.469493 0.368264 835.058
0.470366 0.368147 834.003
0.471239 0.367681 832.949
0.472111 0.36757 831.896
0.472984 0.367435 830.843
0.473857 0.367039 829.791
0.474729 0.366667 828.74
0.475602 0.366456 827.69
0.476475 0.36662 826.64
0.477347 0.366173 825.59
0.47822 0.365702 824.542
0.479093 0.365943 823.494
0.479965 0.365453 822.446
0.480838 0.365081 821.4
0.481711 0.364964 820.354
0.482583 0.364754 819.309
0.483456 0.364662 818.264
0.484329 0.364191 817.22
0.485201 0.364075 816.177
0.486074 0.363959 815.134
0.486947 0.363493 814.092
0.487819 0.363381 813.051
0.488692 0.363247 812.01
0.489565 0.36285 810.97
0.490437 0.362479 809.931
0.49131 0.362265 808.893
0.492183 0.362437 807.855
0.493055 0.361965 806.817
0.493928 0.361588 805.781
0.494801 0.361473 804.745
0.495673 0.361264 803.71
0.496546 0.361171 802.675
0.497419 0.3607 801.641
0.498291 0.360585 800.608
0.499164 0.360468 799.575
0.500037 0.360004 798.543
0.500909 0.359887 797.512
0.501782 0.35977 796.481
0.502655 0.359304 795.451
0.503527 0.359192 794.422
0.5044 0.359058 793.393
0.505273 0.358662 792.365
0.506145 0.358289 791.338
0.507018 0.358078 790.312
0.507891 0.358243 789.286
0.508763 0.357796 788.26
0.509636 0.357325 787.236
0.510509 0.357566 786.212
0.511381 0.357075 785.188
0.512254 0.356703 784.166
0.513127 0.356587 783.144
0.513999 0.356377 782.123
0.514872 0.356284 781.102
0.515745 0.355814 780.082
0.516617 0.355698 779.063
0.51749 0.355581 778.044
0.518363 0.355117 777.026
0.519235 0.354999 776.009
0.520108 0.354883 774.992
0.520981 0.354419 773.976
0.521853 0.3543 772.961
0.522726 0.354192 771.946
0.523599 0.3537 770.932
0.524471 0.353682 769.919
0.525344 0.353192 768.906
0.526217 0.353077 767.895
0.527089 0.352986 766.883
0.527962 0.352417 765.873
0.528835 0.352684 764.863
0.529707 0.352186 763.853
0.53058 0.351816 762.845
0.531453 0.3517 761.837
0.532325 0.35149 760.83
0.533198 0.351398 759.823
0.534071 0.350926 758.817
0.534943 0.350811 757.812
0.535816 0.350694 756.807
0.536689 0.35023 755.803
0.537561 0.350113 754.8
0.538434 0.349996 753.797
0.539307 0.349532 752.795
0.540179 0.349415 751.794
0.541052 0.349298 750.793
0.541925 0.348834 749.793
0.542797 0.348717 748.794
0.54367 0.3486 747.795
0.544543 0.348134 746.797
0.545415 0.348022 745.8
0.546288 0.347888 744.803
0.547161 0.347492 743.807
0.548033 0.34712 742.812
0.548906 0.346909 741.818
0.549779 0.347073 740.824
0.550651 0.346625 739.83
0.551524 0.346156 738.838
0.552397 0.34639 737.846
0.553269 0.345924 736.854
0.554142 0.345458 735.864
0.555015 0.345698 734.874
0.555887 0.345207 733.884
0.55676 0.344835 732.896
0.557633 0.344719 731.908
0.558505 0.344509 730.921
0.559378 0.344416 729.934
0.560251 0.343945 728.948
0.561123 0.34383 727.963
0.561996 0.343713 726.978
0.562869 0.343249 725.994
0.563741 0.343132 725.011
0.564614 0.343015 724.028
0.565487 0.342551 723.046
0.566359 0.342433 722.065
0.567232 0.342317 721.084
0.568105 0.341853 720.104
0.568977 0.341735 719.125
0.56985 0.341619 718.146
0.570723 0.341154 717.168
0.571595 0.341037 716.191
0.572468 0.34092 715.214
0.573341 0.340454 714.238
0.574213 0.340342 713.263
0.575086 0.340208 712.288
0.575959 0.339812 711.314
0.576831 0.33944 710.341
0.577704 0.339229 709.369
0.578577 0.339393 708.397
0.579449 0.338946 707.425
0.580322 0.338477 706.455
0.581195 0.338711 705.485
0.582067 0.338244 704.515
0.58294 0.337779 703.547
0.583813 0.338013 702.579
0.584685 0.337546 701.611
0.585558 0.337081 700.645
0.586431 0.33732 699.679
0.587303 0.336829 698.713
0.588176 0.336458 697.749
0.589049 0.336341 696.785
0.589921 0.336131 695.822
0.590794 0.336039 694.859
0.591667 0.335567 693.897
0.592539 0.335452 692.936
0.593412 0.335335 691.975
0.594285 0.334871 691.015
0.595157 0.334754 690.056
0.59603 0.334637 689.097
0.596903 0.334173 688.139
0.597775 0.334056 687.182
0.598648 0.333939 686.225
0.599521 0.333475 685.269
0.600393 0.333358 684.314
0.601266 0.333241 683.359
0.602138 0.332776 682.405
0.603011 0.332659 681.452
0.603884 0.332543 680.499
0.604756 0.332078 679.547
0.605629 0.331962 678.596
0.606502 0.331845 677.645
0.607374 0.33138 676.695
0.608247 0.331263 675.746
0.60912 0.331147 674.797
0.609992 0.330682 673.849
0.610865 0.330565 672.902
0.611738 0.330449 671.955
0.61261 0.329984 671.009
0.613483 0.329867 670.064
0.614356 0.32975 669.119
0.615228 0.329286 668.175
0.616101 0.329169 667.232
0.616974 0.329052 666.289
0.617846 0.328588 665.347
0.618719 0.328471 664.406
0.619592 0.328354 663.465
0.620464 0.32789 662.525
0.621337 0.327773 661.586
0.62221 0.327656 660.647
0.623082 0.327192 659.709
0.623955 0.327075 658.772
0.624828 0.326958 657.835
0.6257 0.326493 656.899
0.626573 0.326376 655.964
0.627446 0.32626 655.029
0.628318 0.325794 654.095
0.629191 0.325682 653.162
0.630064 0.325548 652.229
0.630936 0.325151 651.297
0.631809 0.32478 650.366
0.632682 0.324568 649.436
0.633554 0.324732 648.506
0.634427 0.324285 647.576
0.6353 0.323816 646.648
0.636172 0.324049 645.72
0.637045 0.323584 644.792
0.637918 0.323118 643.866
0.63879 0.323352 642.94
0.639663 0.322886 642.014
0.640536 0.32242 641.09
0.641408 0.322653 640.166
0.642281 0.322187 639.242
0.643154 0.321722 638.32
0.644026 0.321956 637.398
0.644899 0.32149 636.476
0.645772 0.321024 635.556
0.646644 0.321257 634.636
0.647517 0.320792 633.716
0.64839 0.320325 632.798
0.649262 0.320559 631.88
0.650135 0.320093 630.962
0.651008 0.319627 630.046
0.65188 0.319861 629.13
0.652753 0.319395 628.214
0.653626 0.31893 627.3
0.654498 0.319163 626.386
0.655371 0.318697 625.472
0.656244 0.318231 624.56
0.657116 0.318465 623.648
0.657989 0.317999 622.736
0.658862 0.317533 621.826
0.659734 0.317767 620.916
0.660607 0.317297 620.006
0.66148 0.316851 619.098
0.662352 0.317014 618.19
0.663225 0.316803 617.282
0.664098 0.316432 616.375
0.66497 0.316035 615.469
0.665843 0.315901 614.564
0.666716 0.315789 613.659
0.667588 0.315323 612.755
0.668461 0.315206 611.852
0.669334 0.31509 610.949
0.670206 0.314625 610.047
0.671079 0.314509 609.146
0.671952 0.314392 608.245
0.672824 0.313927 607.345
0.673697 0.31381 606.446
0.67457 0.313693 605.547
0.675442 0.313229 604.649
0.676315 0.313112 603.752
0.677188 0.312995 602.855
0.67806 0.312531 601.959
0.678933 0.312414 601.064
0.679806 0.312297 600.169
0.680678 0.311833 599.275
0.681551 0.311716 598.382
0.682424 0.311599 597.489
0.683296 0.311135 596.597
0.684169 0.311018 595.706
0.685042 0.310901 594.815
0.685914 0.310436 593.925
0.686787 0.310319 593.036
0.68766 0.310203 592.147
0.688532 0.309738 591.259
0.689405 0.309621 590.372
0.690278 0.309505 589.485
0.69115 0.30904 588.599
0.692023 0.308923 587.714
0.692896 0.308806 586.829
0.693768 0.308342 585.945
0.694641 0.308225 585.062
0.695514 0.308109 584.179
0.696386 0.307644 583.297
0.697259 0.307527 582.416
0.698132 0.30741 581.535
0.699004 0.306946 580.655
0.699877 0.306829 579.776
0.70075 0.306712 578.897
0.701622 0.306247 578.019
0.702495 0.30613 577.142
0.703368 0.306016 576.265
0.70424 0.305544 575.389
0.705113 0.305452 574.514
0.705986 0.305242 573.639
0.706858 0.305125 572.765
0.707731 0.304754 571.891
0.708604 0.304263 571.019
0.709476 0.304502 570.147
0.710349 0.304036 569.275
0.711222 0.30357 568.405
0.712094 0.303804 567.535
0.712967 0.303338 566.665
0.71384 0.302872 565.797
0.714712 0.303104 564.929
0.715585 0.302642 564.061
0.716458 0.302169 563.195
0.71733 0.302428 562.329
0.718203 0.301864 561.463
0.719076 0.301771 560.599
0.719948 0.301655 559.734
0.720821 0.301166 558.871
0.721694 0.301148 558.008
0.722566 0.300655 557.146
0.723439 0.300548 556.285
0.724312 0.300429 555.424
0.725184 0.299964 554.564
0.726057 0.299848 553.705
0.72693 0.299731 552.846
0.727802 0.299266 551.988
0.728675 0.29915 551.131
0.729548 0.299033 550.274
0.73042 0.298568 549.418
0.731293 0.298452 548.563
0.732166 0.298334 547.708
0.733038 0.29787 546.854
0.733911 0.297753 546.001
0.734783 0.297638 545.148
0.735656 0.297167 544.296
0.736529 0.297075 543.445
0.737401 0.296864 542.594
0.738274 0.296748 541.744
0.739147 0.296376 540.894
0.740019 0.295885 540.046
0.740892 0.296125 539.198
0.741765 0.295659 538.35
0.742637 0.295192 537.504
0.74351 0.295426 536.658
0.744383 0.294957 535.812
0.745255 0.29451 534.968
0.746128 0.294674 534.124
0.747001 0.294463 533.28
0.747873 0.294091 532.437
0.748746 0.293695 531.595
0.749619 0.293561 530.754
0.750491 0.293449 529.913
0.751364 0.292983 529.073
0.752237 0.292866 528.234
0.753109 0.292749 527.395
0.753982 0.292285 526.557
0.754855 0.292168 525.72
0.755727 0.292051 524.883
0.7566 0.291587 524.047
0.757473 0.29147 523.212
0.758345 0.291353 522.377
0.759218 0.290889 521.543
0.760091 0.290772 520.71
0.760963 0.290657 519.877
0.761836 0.290186 519.045
0.762709 0.290093 518.214
0.763581 0.289884 517.383
0.764454 0.289766 516.553
0.765327 0.289395 515.723
0.766199 0.288905 514.895
0.767072 0.289145 514.067
0.767945 0.288674 513.239
0.768817 0.288227 512.413
0.76969 0.288391 511.587
0.770563 0.28818 510.761
0.771435 0.287808 509.936
0.772308 0.287412 509.112
0.773181 0.287278 508.289
0.774053 0.287166 507.466
0.774926 0.2867 506.644
0.775799 0.286583 505.823
0.776671 0.286466 505.002
0.777544 0.286002 504.182
0.778417 0.285885 503.363
0.779289 0.285769 502.544
0.780162 0.285298 501.726
0.781035 0.285206 500.909
0.781907 0.284997 500.092
0.78278 0.284879 499.276
0.783653 0.284508 498.46
0.784525 0.284017 497.646
0.785398 0.284258 496.832
0.786271 0.283787 496.018
0.787143 0.28334 495.206
0.788016 0.283505 494.394
0.788889 0.283293 493.582
0.789761 0.282921 492.771
0.790634 0.282525 491.961
0.791507 0.282391 491.152
0.792379 0.282279 490.343
0.793252 0.281813 489.535
0.794125 0.281696 488.728
0.794997 0.281579 487.921
0.79587 0.281115 487.115
0.796743 0.280998 486.31
0.797615 0.280883 485.505
0.798488 0.280411 484.701
0.799361 0.280319 483.898
0.800233 0.28011 483.095
0.801106 0.279995 482.293
0.801979 0.279617 481.491
0.802851 0.279146 480.691
0.803724 0.279317 479.891
0.804597 0.279104 479.091
0.805469 0.278733 478.292
0.806342 0.278336 477.494
0.807215 0.278202 476.697
0.808087 0.27809 475.9
0.80896 0.277625 475.104
0.809833 0.277507 474.309
0.810705 0.277392 473.514
0.811578 0.276921 472.72
0.812451 0.276829 471.927
0.813323 0.276618 471.134
0.814196 0.276502 470.342
0.815069 0.276131 469.55
0.815941 0.27564 468.76
0.816814 0.275881 467.97
0.817687 0.275409 467.18
0.818559 0.274962 466.392
0.819432 0.275127 465.604
0.820305 0.274915 464.816
0.821177 0.274543 464.029
0.82205 0.274148 463.243
0.822923 0.274014 462.458
0.823795 0.273901 461.673
0.824668 0.273435 460.889
0.825541 0.273318 460.106
0.826413 0.273203 459.323
0.827286 0.272732 458.541
0.828159 0.27264 457.76
0.829031 0.27243 456.979
0.829904 0.272315 456.199
0.830777 0.271938 455.419
0.831649 0.271467 454.641
0.832522 0.271638 453.863
0.833395 0.271425 453.085
0.834267 0.271053 452.308
0.83514 0.270657 451.532
0.836013 0.270523 450.757
0.836885 0.270411 449.982
0.837758 0.269945 449.208
0.838631 0.269828 448.435
0.839503 0.269713 447.662
0.840376 0.269241 446.89
0.841249 0.269149 446.119
0.842121 0.26894 445.348
0.842994 0.268824 444.578
0.843867 0.268448 443.808
0.844739 0.267976 443.04
0.845612 0.268147 442.272
0.846485 0.267935 441.504
0.847357 0.267562 440.737
0.84823 0.267166 439.971
0.849103 0.267032 439.206
0.849975 0.266922 438.441
0.850848 0.266447 437.677
0.851721 0.266356 436.914
0.852593 0.266147 436.151
0.853466 0.26603 435.389
0.854339 0.26566 434.627
0.855211 0.265162 433.867
0.856084 0.26543 433.107
0.856957 0.264861 432.347
0.857829 0.26477 431.589
0.858702 0.264655 430.83
0.859575 0.264165 430.073
0.860447 0.264147 429.316
0.86132 0.263654 428.56
0.862193 0.263547 427.805
0.863065 0.263429 427.05
0.863938 0.262959 426.296
0.864811 0.262866 425.543
0.865683 0.262656 424.79
0.866556 0.262541 424.038
0.867429 0.262164 423.286
0.868301 0.261693 422.536
0.869174 0.261864 421.786
0.870046 0.261651 421.036
0.870919 0.261279 420.287
0.871792 0.260883 419.539
0.872664 0.260749 418.792
0.873537 0.260639 418.045
0.87441 0.260164 417.299
0.875282 0.260073 416.554
0.876155 0.259864 415.809
0.877028 0.259749 415.065
0.8779 0.259371 414.321
0.878773 0.258901 413.579
0.879646 0.259072 412.837
0.880518 0.258858 412.095
0.881391 0.258486 411.354
0.882264 0.25809 410.614
0.883136 0.257956 409.875
0.884009 0.257846 409.136
0.884882 0.257371 408.398
0.885754 0.257281 407.661
0.886627 0.257071 406.924
0.8875 0.256956 406.188
0.888372 0.256579 405.452
0.889245 0.256108 404.718
0.890118 0.256279 403.984
0.89099 0.256066 403.25
0.891863 0.255694 402.517
0.892736 0.255298 401.785
0.893608 0.255164 401.054
0.894481 0.255053 400.323
0.895354 0.254579 399.593
0.896226 0.25449 398.864
0.897099 0.254274 398.135
0.897972 0.254184 397.407
0.898844 0.253711 396.679
0.899717 0.253594 395.953
0.90059 0.253486 395.226
0.901462 0.252993 394.501
0.902335 0.252979 393.776
0.903208 0.252485 393.052
0.90408 0.252377 392.329
0.904953 0.252259 391.606
0.905826 0.251788 390.884
0.906698 0.251692 390.163
0.907571 0.2515 389.442
0.908444 0.251316 388.722
0.909316 0.251199 388.002
0.910189 0.250802 387.283
0.911062 0.250413 386.565
0.911934 0.250275 385.848
0.912807 0.250167 385.131
0.91368 0.249692 384.415
0.914552 0.249601 383.7
0.915425 0.249392 382.985
0.916298 0.249277 382.271
0.91717 0.2489 381.557
0.918043 0.248428 380.845
0.918916 0.2486 380.133
0.919788 0.248386 379.421
0.920661 0.248017 378.71
0.921534 0.247613 378
0.922406 0.247504 377.291
0.923279 0.247299 376.582
0.924152 0.247182 375.874
0.925024 0.246805 375.166
0.925897 0.246334 374.46
0.92677 0.246505 373.754
0.927642 0.246292 373.048
0.928515 0.24592 372.343
0.929388 0.245524 371.639
0.93026 0.24539 370.936
0.931133 0.24528 370.233
0.932006 0.244805 369.531
0.932878 0.244716 368.83
0.933751 0.2445 368.129
0.934624 0.244411 367.429
0.935496 0.243937 366.729
0.936369 0.243821 366.031
0.937242 0.243713 365.332
0.938114 0.243218 364.635
0.938987 0.243204 363.938
0.93986 0.242706 363.242
0.940732 0.242623 362.547
0.941605 0.242405 361.852
0.942478 0.242317 361.158
0.94335 0.241843 360.464
0.944223 0.241727 359.772
0.945096 0.241619 359.079
0.945968 0.241124 358.388
0.946841 0.24111 357.697
0.947714 0.240611 357.007
0.948586 0.240527 356.318
0.949459 0.240316 355.629
0.950332 0.240201 354.941
0.951204 0.239824 354.253
0.952077 0.239353 353.567
0.95295 0.239524 352.881
0.953822 0.239311 352.195
0.954695 0.238941 351.51
0.955568 0.238537 350.826
0.95644 0.238427 350.143
0.957313 0.238224 349.46
0.958186 0.238106 348.778
0.959058 0.237729 348.096
0.959931 0.237258 347.416
0.960804 0.237429 346.736
0.961676 0.237217 346.056
0.962549 0.236847 345.377
0.963422 0.236443 344.699
0.964294 0.236333 344.022
0.965167 0.236129 343.345
0.96604 0.236012 342.669
0.966912 0.235635 341.993
0.967785 0.235164 341.319
0.968658 0.235335 340.645
0.96953 0.235122 339.971
0.970403 0.234752 339.298
0.971276 0.234349 338.626
0.972148 0.234241 337.955
0.973021 0.234028 337.284
0.973894 0.233937 336.614
0.974766 0.233465 335.944
0.975639 0.233348 335.276
0.976512 0.233241 334.607
0.977384 0.232746 333.94
0.978257 0.232732 333.273
0.97913 0.232234 332.607
0.980002 0.232152 331.942
0.980875 0.231934 331.277
0.981748 0.231845 330.613
0.98262 0.231372 329.949
0.983493 0.231255 329.287
0.984366 0.231146 328.624
0.985238 0.230652 327.963
0.986111 0.230639 327.302
0.986984 0.230141 326.642
0.987856 0.230052 325.983
0.988729 0.229858 325.324
0.989602 0.229675 324.666
0.990474 0.229558 324.008
0.991347 0.229162 323.351
0.99222 0.228765 322.695
0.993092 0.228653 322.04
0.993965 0.22845 321.385
0.994838 0.228333 320.731
0.99571 0.227956 320.077
0.996583 0.227484 319.425
0.997456 0.227655 318.773
0.998328 0.227442 318.121
0.999201 0.227072 317.47
1.00007 0.226669 316.82
1.00095 0.226562 316.171
1.00182 0.226348 315.522
1.00269 0.226257 314.874
1.00356 0.225785 314.226
1.00444 0.22567 313.58
1.00531 0.225561 312.933
1.00618 0.225066 312.288
1.00705 0.225053 311.643
1.00793 0.224557 310.999
1.0088 0.224467 310.356
1.00967 0.224272 309.713
1.01055 0.22409 309.071
1.01142 0.223973 308.429
1.01229 0.223576 307.788
1.01316 0.22318 307.148
1.01404 0.223072 306.509
1.01491 0.222858 305.87
1.01578 0.222767 305.232
1.01665 0.222295 304.594
1.01753 0.22218 303.958
1.0184 0.22207 303.321
1.01927 0.221576 302.686
1.02014 0.221561 302.051
1.02102 0.221066 301.417
1.02189 0.220977 300.784
1.02276 0.220782 300.151
1.02364 0.220601 299.519
1.02451 0.220483 298.887
1.02538 0.220086 298.256
1.02625 0.219689 297.626
1.02713 0.219581 296.997
1.028 0.219367 296.368
1.02887 0.219276 295.74
1.02974 0.218804 295.112
1.03062 0.218688 294.486
1.03149 0.21858 293.859
1.03236 0.218085 293.234
1.03323 0.21807 292.609
1.03411 0.217575 291.985
1.03498 0.217486 291.362
1.03585 0.217291 290.739
1.03673 0.21711 290.117
1.0376 0.216992 289.495
1.03847 0.216595 288.874
1.03934 0.216196 288.254
1.04022 0.21609 287.635
1.04109 0.215876 287.016
1.04196 0.215785 286.398
1.04283 0.215313 285.78
1.04371 0.215199 285.164
1.04458 0.215082 284.547
1.04545 0.214615 283.932
1.04632 0.214505 283.317
1.0472 0.214365 282.703
1.04807 0.213995 282.089
1.04894 0.213519 281.477
1.04982 0.213694 280.865
1.05069 0.21348 280.253
1.05156 0.21311 279.642
1.05243 0.212708 279.032
1.05331 0.212594 278.423
1.05418 0.212407 277.814
1.05505 0.212219 277.206
1.05592 0.212104 276.598
1.0568 0.211709 275.991
1.05767 0.211312 275.385
1.05854 0.211197 274.78
1.05941 0.211009 274.175
1.06029 0.210824 273.571
1.06116 0.210708 272.967
1.06203 0.210312 272.364
1.06291 0.209917 271.762
1.06378 0.209806 271.161
1.06465 0.209593 270.56
1.06552 0.209501 269.96
1.0664 0.209031 269.36
1.06727 0.208915 268.762
1.06814 0.208805 268.163
1.06901 0.208312 267.566
1.06989 0.208299 266.969
1.07076 0.2078 266.373
1.07163 0.207711 265.778
1.0725 0.207517 265.183
1.07338 0.207335 264.589
1.07425 0.207217 263.995
1.07512 0.206821 263.402
1.076 0.206426 262.81
1.07687 0.20631 262.219
1.07774 0.206123 261.628
1.07861 0.205936 261.038
1.07949 0.205822 260.448
1.08036 0.205425 259.859
1.08123 0.205029 259.271
1.0821 0.204913 258.684
1.08298 0.204728 258.097
1.08385 0.204541 257.511
1.08472 0.204425 256.925
1.08559 0.204028 256.34
1.08647 0.203634 255.756
1.08734 0.203517 255.173
1.08821 0.20333 254.59
1.08909 0.203145 254.008
1.08996 0.203029 253.426
1.09083 0.202633 252.845
1.0917 0.202236 252.265
1.09258 0.202122 251.686
1.09345 0.201935 251.107
1.09432 0.201748 250.529
1.09519 0.201632 249.951
1.09607 0.201237 249.374
1.09694 0.20084 248.798
1.09781 0.20073 248.223
1.09868 0.200517 247.648
1.09956 0.200427 247.074
1.10043 0.199956 246.5
1.1013 0.19984 245.928
1.10218 0.199724 245.355
1.10305 0.199259 244.784
1.10392 0.199142 244.213
1.10479 0.199025 243.643
1.10567 0.198562 243.073
1.10654 0.198445 242.505
1.10741 0.198327 241.936
1.10828 0.197862 241.369
1.10916 0.197747 240.802
1.11003 0.197629 240.236
1.1109 0.197165 239.67
1.11177 0.197047 239.106
1.11265 0.196931 238.541
1.11352 0.196466 237.978
1.11439 0.196349 237.415
1.11527 0.196233 236.853
1.11614 0.195769 236.291
1.11701 0.195651 235.731
1.11788 0.195534 235.17
1.11876 0.19507 234.611
1.11963 0.194953 234.052
1.1205 0.194836 233.494
1.12137 0.194372 232.936
1.12225 0.194256 232.38
1.12312 0.194138 231.823
1.12399 0.193674 231.268
1.12486 0.193556 230.713
1.12574 0.19344 230.159
1.12661 0.192976 229.605
1.12748 0.192859 229.053
1.12836 0.192743 228.5
1.12923 0.192279 227.949
1.1301 0.192161 227.398
1.13097 0.192043 226.848
1.13185 0.19158 226.298
1.13272 0.191463 225.75
1.13359 0.191348 225.201
1.13446 0.190875 224.654
1.13534 0.190786 224.107
1.13621 0.190573 223.561
1.13708 0.190462 223.015
1.13795 0.190066 222.47
1.13883 0.189671 221.926
1.1397 0.189555 221.383
1.14057 0.189368 220.84
1.14145 0.189183 220.298
1.14232 0.189067 219.756
1.14319 0.18867 219.215
1.14406 0.188273 218.675
1.14494 0.188159 218.136
1.14581 0.187972 217.597
1.14668 0.187785 217.059
1.14755 0.187669 216.521
1.14843 0.187274 215.984
1.1493 0.186877 215.448
1.15017 0.186762 214.913
1.15104 0.186574 214.378
1.15192 0.18639 213.844
1.15279 0.186274 213.31
1.15366 0.185878 212.777
1.15454 0.185483 212.245
1.15541 0.185365 211.714
1.15628 0.185181 211.183
1.15715 0.184987 210.653
1.15803 0.184899 210.123
1.1589 0.184401 209.594
1.15977 0.184387 209.066
1.16064 0.183893 208.538
1.16152 0.183785 208.012
1.16239 0.183667 207.485
1.16326 0.183202 206.96
1.16413 0.183084 206.435
1.16501 0.182968 205.911
1.16588 0.182503 205.387
1.16675 0.182386 204.865
1.16763 0.182273 204.342
1.1685 0.181801 203.821
1.16937 0.18171 203.3
1.17024 0.181496 202.78
1.17112 0.181388 202.26
1.17199 0.18099 201.741
1.17286 0.180595 201.223
1.17373 0.180479 200.706
1.17461 0.180293 200.189
1.17548 0.180106 199.673
1.17635 0.17999 199.157
1.17722 0.179593 198.642
1.1781 0.179198 198.128
1.17897 0.179081 197.615
1.17984 0.178898 197.102
1.18072 0.178706 196.59
1.18159 0.178615 196.078
1.18246 0.178117 195.567
1.18333 0.178103 195.057
1.18421 0.17761 194.547
1.18508 0.177502 194.039
1.18595 0.177385 193.53
1.18682 0.176913 193.023
1.1877 0.176824 192.516
1.18857 0.17661 192.01
1.18944 0.1765 191.504
1.19031 0.176103 190.999
1.19119 0.175708 190.495
1.19206 0.175593 189.992
1.19293 0.175405 189.489
1.19381 0.175219 188.987
1.19468 0.175104 188.485
1.19555 0.174702 187.984
1.19642 0.174332 187.484
1.1973 0.174121 186.985
1.19817 0.174292 186.486
1.19904 0.173819 185.987
1.19991 0.173442 185.49
1.20079 0.173327 184.993
1.20166 0.173121 184.497
1.20253 0.173009 184.001
1.2034 0.172612 183.506
1.20428 0.172218 183.012
1.20515 0.172101 182.519
1.20602 0.171915 182.026
1.20689 0.171727 181.534
1.20777 0.171614 181.042
1.20864 0.171211 180.551
1.20951 0.170841 180.061
1.21039 0.17063 179.572
1.21126 0.170801 179.083
1.21213 0.170329 178.594
1.213 0.169951 178.107
1.21388 0.169835 177.62
1.21475 0.16963 177.134
1.21562 0.169519 176.648
1.21649 0.169121 176.163
1.21737 0.168727 175.679
1.21824 0.168611 175.196
1.21911 0.168424 174.713
1.21998 0.168236 174.231
1.22086 0.168123 173.749
1.22173 0.16772 173.268
1.2226 0.167351 172.788
1.22348 0.16714 172.309
1.22435 0.16731 171.83
1.22522 0.166837 171.351
1.22609 0.16646 170.874
1.22697 0.166345 170.397
1.22784 0.16614 169.921
1.22871 0.166028 169.445
1.22958 0.165631 168.97
1.23046 0.165237 168.496
1.23133 0.165119 168.023
1.2322 0.164935 167.55
1.23307 0.164741 167.078
1.23395 0.164653 166.606
1.23482 0.164155 166.135
1.23569 0.16414 165.665
1.23657 0.163649 165.195
1.23744 0.163539 164.727
1.23831 0.163422 164.258
1.23918 0.16295 163.791
1.24006 0.16286 163.324
1.24093 0.162647 162.858
1.2418 0.162539 162.392
1.24267 0.162135 161.927
1.24355 0.161766 161.463
1.24442 0.161553 161
1.24529 0.161725 160.537
1.24616 0.161252 160.074
1.24704 0.160877 159.613
1.24791 0.16076 159.152
1.24878 0.160554 158.692
1.24966 0.160445 158.232
1.25053 0.160042 157.773
1.2514 0.159671 157.315
1.25227 0.159459 156.858
1.25315 0.159631 156.401
1.25402 0.159158 155.944
1.25489 0.158781 155.489
1.25576 0.158664 155.034
1.25664 0.158461 154.58
1.25751 0.158349 154.126
1.25838 0.157952 153.673
1.25925 0.157556 153.221
1.26013 0.157441 152.77
1.261 0.157256 152.319
1.26187 0.157064 151.869
1.26275 0.156969 151.419
1.26362 0.156496 150.97
1.26449 0.156386 150.522
1.26536 0.156249 150.074
1.26624 0.155859 149.627
1.26711 0.155462 149.181
1.26798 0.155345 148.736
1.26885 0.15516 148.291
1.26973 0.154969 147.847
1.2706 0.154873 147.403
1.27147 0.154401 146.96
1.27234 0.154292 146.518
1.27322 0.154155 146.076
1.27409 0.153765 145.635
1.27496 0.153367 145.195
1.27584 0.153251 144.756
1.27671 0.153067 144.317
1.27758 0.152875 143.879
1.27845 0.152779 143.441
1.27933 0.152307 143.004
1.2802 0.152198 142.568
1.28107 0.15206 142.132
1.28194 0.15167 141.697
1.28282 0.151274 141.263
1.28369 0.151157 140.83
1.28456 0.150972 140.397
1.28543 0.15078 139.965
1.28631 0.150685 139.533
1.28718 0.150213 139.102
1.28805 0.150102 138.672
1.28893 0.149968 138.242
1.2898 0.14957 137.813
1.29067 0.149199 137.385
1.29154 0.148987 136.958
1.29242 0.149158 136.531
1.29329 0.148686 136.104
1.29416 0.148309 135.679
1.29503 0.148194 135.254
1.29591 0.147983 134.83
1.29678 0.147899 134.406
1.29765 0.147399 133.983
1.29852 0.147385 133.561
1.2994 0.146893 133.139
1.30027 0.146784 132.719
1.30114 0.146667 132.298
1.30202 0.146196 131.879
1.30289 0.146106 131.46
1.30376 0.145888 131.042
1.30463 0.145799 130.624
1.30551 0.145325 130.207
1.30638 0.145216 129.791
1.30725 0.145079 129.375
1.30812 0.144689 128.96
1.309 0.144292 128.546
1.30987 0.144176 128.133
1.31074 0.14399 127.72
1.31161 0.143798 127.308
1.31249 0.143703 126.896
1.31336 0.143231 126.485
1.31423 0.143121 126.075
1.31511 0.142987 125.665
1.31598 0.142589 125.256
1.31685 0.142217 124.848
1.31772 0.142005 124.441
1.3186 0.142177 124.034
1.31947 0.141704 123.627
1.32034 0.141328 123.222
1.32121 0.141212 122.817
1.32209 0.141004 122.413
1.32296 0.140912 122.009
1.32383 0.140439 121.606
1.3247 0.140328 121.204
1.32558 0.140192 120.802
1.32645 0.139803 120.401
1.32732 0.139404 120.001
1.3282 0.13929 119.602
1.32907 0.139104 119.203
1.32994 0.138912 118.805
1.33081 0.138815 118.407
1.33169 0.138347 118.01
1.33256 0.138229 117.614
1.33343 0.138119 117.218
1.3343 0.137626 116.823
1.33518 0.137612 116.429
1.33605 0.137119 116.035
1.33692 0.137009 115.643
1.33779 0.136892 115.25
1.33867 0.136421 114.859
1.33954 0.136332 114.468
1.34041 0.136115 114.078
1.34129 0.136026 113.688
1.34216 0.135551 113.299
1.34303 0.135442 112.911
1.3439 0.135307 112.523
1.34478 0.13491 112.136
1.34565 0.134538 111.75
1.34652 0.134327 111.365
1.34739 0.134497 110.98
1.34827 0.134026 110.595
1.34914 0.133649 110.212
1.35001 0.133533 109.829
1.35088 0.133323 109.447
1.35176 0.133232 109.065
1.35263 0.13276 108.684
1.3535 0.132644 108.304
1.35438 0.132535 107.924
1.35525 0.132042 107.545
1.35612 0.132026 107.167
1.35699 0.131534 106.789
1.35787 0.131425 106.413
1.35874 0.131308 106.036
1.35961 0.130836 105.661
1.36048 0.130746 105.286
1.36136 0.13053 104.912
1.36223 0.13044 104.538
1.3631 0.129967 104.165
1.36397 0.129851 103.793
1.36485 0.129742 103.421
1.36572 0.129249 103.05
1.36659 0.129233 102.68
1.36747 0.128743 102.31
1.36834 0.128627 101.942
1.36921 0.128535 101.573
1.37008 0.127968 101.206
1.37096 0.128233 100.839
1.37183 0.127743 100.472
1.3727 0.127343 100.107
1.37357 0.127336 99.742
1.37445 0.127031 99.3777
1.37532 0.126797 99.0141
1.37619 0.12657 98.6512
1.37706 0.126349 98.2889
1.37794 0.1261 97.9273
1.37881 0.125853 97.5664
1.37968 0.125622 97.2062
1.38056 0.12543 96.8466
1.38143 0.125176 96.4876
1.3823 0.124919 96.1294
1.38317 0.124733 95.7718
1.38405 0.124475 95.4148
1.38492 0.124228 95.0586
1.38579 0.124007 94.703
1.38666 0.123776 94.3481
1.38754 0.123558 93.9938
1.38841 0.123302 93.6402
1.38928 0.12308 93.2873
1.39015 0.122859 92.935
1.39103 0.122604 92.5834
1.3919 0.122383 92.2325
1.39277 0.122161 91.8822
1.39365 0.121906 91.5326
1.39452 0.121685 91.1837
1.39539 0.121463 90.8354
1.39626 0.121207 90.4878
1.39714 0.120987 90.1409
1.39801 0.120765 89.7946
1.39888 0.120509 89.449
1.39975 0.120288 89.1041
1.40063 0.120067 88.7598
1.4015 0.119811 88.4162
1.40237 0.11959 88.0733
1.40324 0.119369 87.731
1.40412 0.119113 87.3894
1.40499 0.118894 87.0485
1.40586 0.118663 86.7082
1.40674 0.118443 86.3686
1.40761 0.118196 86.0296
1.40848 0.117937 85.6914
1.40935 0.117751 85.3538
1.41023 0.117496 85.0168
1.4111 0.117241 84.6806
1.41197 0.117048 84.345
1.41284 0.116817 84.01
1.41372 0.116571 83.6757
1.41459 0.116322 83.3421
1.41546 0.116099 83.0092
1.41633 0.115878 82.6769
1.41721 0.115623 82.3453
1.41808 0.115401 82.0144
1.41895 0.11518 81.6841
1.41983 0.114924 81.3545
1.4207 0.114705 81.0256
1.42157 0.114476 80.6973
1.42244 0.114248 80.3697
1.42332 0.114027 80.0427
1.42419 0.113778 79.7164
1.42506 0.113529 79.3908
1.42593 0.113306 79.0659
1.42681 0.113086 78.7416
1.42768 0.112829 78.418
1.42855 0.11261 78.0951
1.42942 0.112381 77.7728
1.4303 0.112154 77.4512
1.43117 0.111933 77.1302
1.43204 0.111683 76.8099
1.43292 0.111435 76.4903
1.43379 0.111214 76.1714
1.43466 0.110983 75.8531
1.43553 0.110765 75.5355
1.43641 0.110509 75.2185
1.43728 0.110287 74.9023
1.43815 0.110067 74.5866
1.43902 0.109808 74.2717
1.4399 0.109598 73.9574
1.44077 0.109338 73.6438
1.44164 0.10912 73.3309
1.44251 0.108891 73.0186
1.44339 0.108663 72.707
1.44426 0.108442 72.396
1.44513 0.108192 72.0857
1.44601 0.107946 71.7761
1.44688 0.107715 71.4672
1.44775 0.107523 71.1589
1.44862 0.107266 70.8512
1.4495 0.107019 70.5443
1.45037 0.106798 70.238
1.45124 0.106568 69.9324
1.45211 0.106347 69.6274
1.45299 0.106099 69.3231
1.45386 0.10585 69.0195
1.45473 0.105628 68.7166
1.4556 0.1054 68.4143
1.45648 0.105172 68.1127
1.45735 0.104953 67.8117
1.45822 0.104694 67.5114
1.4591 0.104484 67.2118
1.45997 0.104225 66.9128
1.46084 0.104004 66.6146
1.46171 0.103783 66.3169
1.46259 0.103527 66.02
1.46346 0.103308 65.7237
1.46433 0.103077 65.4281
1.4652 0.102859 65.1331
1.46608 0.102602 64.8388
1.46695 0.102381 64.5452
1.46782 0.10216 64.2522
1.46869 0.101902 63.9599
1.46957 0.101691 63.6683
1.47044 0.101432 63.3773
1.47131 0.101211 63.0871
1.47218 0.100992 62.7974
1.47306 0.100727 62.5085
1.47393 0.100544 62.2202
1.4748 0.100284 61.9325
1.47568 0.100038 61.6456
1.47655 0.099817 61.3593
1.47742 0.0995865 61.0737
1.47829 0.0993675 60.7887
1.47917 0.0991115 60.5044
1.48004 0.0988904 60.2208
1.48091 0.098669 59.9378
1.48178 0.098413 59.6555
1.48266 0.0981924 59.3739
1.48353 0.0979711 59.0929
1.4844 0.0977151 58.8126
1.48527 0.0974937 58.533
1.48615 0.0972731 58.254
1.48702 0.0970171 57.9757
1.48789 0.0967957 57.6981
1.48877 0.0965752 57.4211
1.48964 0.0963191 57.1448
1.49051 0.0960978 56.8692
1.49138 0.0958765 56.5942
1.49226 0.095621 56.3199
1.49313 0.0953998 56.0463
1.494 0.0951784 55.7733
1.49487 0.0949225 55.501
1.49575 0.0947018 55.2294
1.49662 0.0944804 54.9584
1.49749 0.0942245 54.6881
1.49836 0.0940031 54.4185
1.49924 0.0937824 54.1495
1.50011 0.0935265 53.8812
1.50098 0.0933051 53.6136
1.50186 0.0930845 53.3466
1.50273 0.0928278 53.0803
1.5036 0.092609 52.8147
1.50447 0.0923785 52.5497
1.50535 0.092158 52.2854
1.50622 0.0919106 52.0217
1.50709 0.091654 51.7588
1.50796 0.0914614 51.4965
1.50884 0.0912311 51.2348
1.50971 0.0909843 50.9738
1.51058 0.0907351 50.7135
1.51145 0.0905121 50.4539
1.51233 0.0902922 50.1949
1.5132 0.0900351 49.9366
1.51407 0.0898164 49.679
1.51495 0.0895864 49.422
1.51582 0.0893653 49.1657
1.51669 0.089118 48.91
1.51756 0.0888613 48.6551
1.51844 0.0886695 48.4008
1.51931 0.0884384 48.1471
1.52018 0.0881919 47.8941
1.52105 0.0879419 47.6418
1.52193 0.0877219 47.3902
1.5228 0.087492 47.1392
1.52367 0.0872706 46.8889
1.52454 0.0870233 46.6392
1.52542 0.0867673 46.3903
1.52629 0.0865748 46.142
1.52716 0.0863439 45.8943
1.52804 0.0860979 45.6473
1.52891 0.0858481 45.401
1.52978 0.085627 45.1554
1.53065 0.0853988 44.9104
1.53153 0.085171 44.6661
1.5324 0.08495 44.4224
1.53327 0.0847007 44.1794
1.53414 0.0844515 43.9371
1.53502 0.084231 43.6955
1.53589 0.0840027 43.4545
1.53676 0.0837745 43.2142
1.53763 0.0835533 42.9745
1.53851 0.0833046 42.7355
1.53938 0.0830556 42.4972
1.54025 0.0828343 42.2596
1.54113 0.0826067 42.0226
1.542 0.0823784 41.7863
1.54287 0.0821574 41.5506
1.54374 0.0819081 41.3156
1.54462 0.0816594 41.0813
1.54549 0.0814382 40.8477
1.54636 0.0812102 40.6147
1.54723 0.0809816 40.3824
1.54811 0.0807629 40.1507
1.54898 0.0805059 39.9197
1.54985 0.0802855 39.6894
1.55072 0.0800621 39.4597
1.5516 0.0798141 39.2307
1.55247 0.0795649 39.0024
1.55334 0.0793437 38.7748
1.55422 0.0791162 38.5478
1.55509 0.0788874 38.3215
1.55596 0.0786682 38.0958
1.55683 0.0784113 37.8708
1.55771 0.0781913 37.6465
1.55858 0.0779683 37.4228
1.55945 0.0777191 37.1998
1.56032 0.0774724 36.9775
1.5612 0.0772419 36.7559
1.56207 0.0770496 36.5349
1.56294 0.0767929 36.3145
1.56381 0.0765455 36.0949
1.56469 0.076325 35.8759
1.56556 0.0760944 35.6576
1.56643 0.0758757 35.4399
1.56731 0.0756194 35.2229
1.56818 0.0753983 35.0066
1.56905 0.0751771 34.7909
1.56992 0.074921 34.5759
1.5708 0.0747003 34.3616
1.57167 0.0744791 34.1479
1.57254 0.0742229 33.9349
1.57341 0.0740017 33.7226
1.57429 0.073781 33.5109
1.57516 0.073525 33.2999
1.57603 0.0733037 33.0896
1.5769 0.0730825 32.8799
1.57778 0.0728267 32.6709
1.57865 0.0726061 32.4626
1.57952 0.0723831 32.2549
1.5804 0.0721344 32.0479
1.58127 0.0718875 31.8416
1.58214 0.0716569 31.636
1.58301 0.0714639 31.431
1.58389 0.0712096 31.2266
1.58476 0.0709548 31.023
1.58563 0.0707619 30.82
1.5865 0.0705312 30.6176
1.58738 0.0702849 30.4159
1.58825 0.0700358 30.2149
1.58912 0.0698127 30.0146
1.58999 0.069592 29.8149
1.59087 0.0693363 29.6159
1.59174 0.0691151 29.4176
1.59261 0.0688938 29.2199
1.59349 0.0686383 29.0229
1.59436 0.068417 28.8266
1.59523 0.0681958 28.6309
1.5961 0.0679398 28.4359
1.59698 0.067719 28.2416
1.59785 0.0674978 28.0479
1.59872 0.0672412 27.8549
1.59959 0.0670223 27.6626
1.60047 0.0667923 27.4709
1.60134 0.0665712 27.2799
1.60221 0.066324 27.0895
1.60308 0.0660673 26.8999
1.60396 0.0658753 26.7109
1.60483 0.0656444 26.5225
1.6057 0.0653978 26.3348
1.60658 0.0651489 26.1478
1.60745 0.064926 25.9615
1.60832 0.0647054 25.7758
1.60919 0.0644484 25.5908
1.61007 0.0642302 25.4065
1.61094 0.0639997 25.2228
1.61181 0.0637787 25.0398
1.61268 0.0635314 24.8574
1.61356 0.0632751 24.6758
1.61443 0.0630827 24.4948
1.6153 0.0628518 24.3144
1.61617 0.0626053 24.1347
1.61705 0.0623559 23.9557
1.61792 0.0621354 23.7774
1.61879 0.0619046 23.5997
1.61967 0.0616864 23.4227
1.62054 0.0614296 23.2463
1.62141 0.0612086 23.0707
1.62228 0.0609883 22.8956
1.62316 0.0607291 22.7213
1.62403 0.0605211 22.5476
1.6249 0.0602503 22.3746
1.62577 0.0600748 22.2023
1.62665 0.0600001 22.0303
1.62752 0.0599517 21.8585
1.62839 0.0599057 21.6868
1.62926 0.0598233 21.5153
1.63014 0.0596754 21.3441
1.63101 0.0595125 21.1734
1.63188 0.0593698 21.0031
1.63276 0.0591606 20.8333
1.63363 0.0588839 20.6642
1.6345 0.0586292 20.4959
1.63537 0.0583526 20.3283
1.63625 0.0580375 20.1616
1.63712 0.0576911 19.9958
1.63799 0.0572971 19.8311
1.63886 0.0569153 19.6675
1.63974 0.056532 19.505
1.64061 0.056144 19.3436
1.64148 0.0557754 19.1833
1.64235 0.055438 19.024
1.64323 0.055062 18.8657
1.6441 0.054705 18.7085
1.64497 0.0544148 18.5522
1.64585 0.0540477 18.3968
1.64672 0.0537122 18.2425
1.64759 0.0534315 18.089
1.64846 0.0531093 17.9364
1.64934 0.0527936 17.7847
1.65021 0.0524943 17.6339
1.65108 0.0522263 17.4839
1.65195 0.0519218 17.3347
1.65283 0.0516273 17.1864
1.6537 0.0513302 17.0389
1.65457 0.0510332 16.8923
1.65544 0.0507371 16.7465
1.65632 0.0504384 16.6016
1.65719 0.0501497 16.4575
1.65806 0.0498227 16.3143
1.65894 0.0495341 16.172
1.65981 0.0492356 16.0305
1.66068 0.0489377 15.8899
1.66155 0.0486469 15.7501
1.66243 0.0483282 15.6112
1.6633 0.0480098 15.4732
1.66417 0.0477169 15.3361
1.66504 0.047426 15.1998
1.66592 0.0471021 15.0644
1.66679 0.0468051 14.9299
1.66766 0.0465361 14.7962
1.66853 0.0462335 14.6633
1.66941 0.0459325 14.5313
1.67028 0.0456596 14.4001
1.67115 0.0453766 14.2697
1.67203 0.0451054 14.1401
1.6729 0.0447979 14.0113
1.67377 0.0445186 13.8834
1.67464 0.0442674 13.7562
1.67552 0.0439806 13.6298
1.67639 0.0437048 13.5042
1.67726 0.0434189 13.3794
1.67813 0.043162 13.2554
1.67901 0.0429046 13.1321
1.67988 0.0426206 13.0096
1.68075 0.0423384 12.8879
1.68162 0.0420751 12.767
1.6825 0.0418399 12.6468
1.68337 0.0415781 12.5273
1.68424 0.0412896 12.4086
1.68512 0.0410296 12.2907
1.68599 0.040788 12.1735
1.68686 0.0405484 12.057
1.68773 0.0402826 11.9412
1.68861 0.0400141 11.8262
1.68948 0.0397832 11.7119
1.69035 0.0395097 11.5983
1.69122 0.0392637 11.4855
1.6921 0.0390545 11.3733
1.69297 0.0387766 11.2618
1.69384 0.0385264 11.1511
1.69471 0.0383391 11.041
1.69559 0.0380816 10.9315
1.69646 0.0378329 10.8228
1.69733 0.0376188 10.7147
1.69821 0.0373627 10.6073
1.69908 0.0371361 10.5006
1.69995 0.036937 10.3945
1.70082 0.0367027 10.289
1.7017 0.0364782 10.1842
1.70257 0.0362494 10.08
1.70344 0.0360167 9.97651
1.70431 0.035814 9.87361
1.70519 0.0355904 9.77133
1.70606 0.0353697 9.66969
1.70693 0.0351564 9.56867
1.7078 0.0349414 9.46826
1.70868 0.0347265 9.36847
1.70955 0.0345138 9.26929
1.71042 0.0343023 9.17072
1.7113 0.0340935 9.07275
1.71217 0.0338835 8.97538
1.71304 0.0336758 8.87861
1.71391 0.0334701 8.78243
1.71479 0.0332645 8.68684
1.71566 0.0330575 8.59184
1.71653 0.0328552 8.49743
1.7174 0.0326558 8.40359
1.71828 0.0324514 8.31033
1.71915 0.032254 8.21765
1.72002 0.0320543 8.12553
1.72089 0.0318569 8.03399
1.72177 0.031663 7.943
1.72264 0.0314635 7.85258
1.72351 0.0312712 7.76272
1.72439 0.0310776 7.67341
1.72526 0.0308827 7.58466
1.72613 0.030694 7.49646
1.727 0.0305012 7.4088
1.72788 0.0303089 7.3217
1.72875 0.0301193 7.23514
1.72962 0.0299288 7.14913
1.73049 0.0297383 7.06366
1.73137 0.0295496 6.97874
1.73224 0.0293639 6.89435
1.73311 0.029175 6.8105
1.73398 0.0289856 6.72719
1.73486 0.0288016 6.64442
1.73573 0.0286168 6.56217
1.7366 0.0284297 6.48046
1.73747 0.0282424 6.39928
1.73835 0.0280575 6.31864
1.73922 0.0278753 6.23852
1.74009 0.0276887 6.15893
1.74097 0.0275073 6.07987
1.74184 0.0273208 6.00133
1.74271 0.0271382 5.92333
1.74358 0.0269556 5.84584
1.74446 0.0267687 5.76889
1.74533 0.0265887 5.69246
1.7462 0.0264066 5.61655
1.74707 0.0262258 5.54116
1.74795 0.0260422 5.46629
1.74882 0.0258582 5.39195
1.74969 0.0256776 5.31813
1.75056 0.025495 5.24483
1.75144 0.0253165 5.17205
1.75231 0.025135 5.09978
1.75318 0.0249507 5.02804
1.75406 0.02477 4.95682
1.75493 0.024588 4.88612
1.7558 0.0244068 4.81594
1.75667 0.0242245 4.74628
1.75755 0.0240461 4.67714
1.75842 0.0238637 4.60851
1.75929 0.0236823 4.54041
1.76016 0.023501 4.47282
1.76104 0.0233188 4.40576
1.76191 0.0231395 4.33921
1.76278 0.0229602 4.27318
1.76365 0.0227782 4.20766
1.76453 0.022596 4.14267
1.7654 0.0224178 4.07819
1.76627 0.0222347 4.01423
1.76715 0.0220558 3.95079
1.76802 0.0218764 3.88786
1.76889 0.0216937 3.82545
1.76976 0.0215148 3.76356
1.77064 0.021335 3.70218
1.77151 0.021155 3.64132
1.77238 0.0209761 3.58097
1.77325 0.0207931 3.52114
1.77413 0.0206143 3.46183
1.775 0.0204345 3.40303
1.77587 0.020254 3.34475
1.77674 0.0200768 3.28698
1.77762 0.0198973 3.22972
1.77849 0.0197142 3.17298
1.77936 0.0195372 3.11676
1.78024 0.0193603 3.06104
1.78111 0.019177 3.00584
1.78198 0.0189975 2.95116
1.78285 0.0188198 2.89699
1.78373 0.0186423 2.84333
1.7846 0.018462 2.79018
1.78547 0.0182816 2.73755
1.78634 0.0181049 2.68543
1.78722 0.0179239 2.63382
1.78809 0.0177465 2.58273
1.78896 0.0175692 2.53214
1.78983 0.0173879 2.48207
1.79071 0.0172115 2.43251
1.79158 0.0170302 2.38346
1.79245 0.016853 2.33493
1.79333 0.0166749 2.2869
1.7942 0.0164967 2.23939
1.79507 0.0163196 2.19238
1.79594 0.0161378 2.14589
1.79682 0.0159634 2.09991
1.79769 0.0157853 2.05443
1.79856 0.0156039 2.00947
1.79943 0.0154288 1.96502
1.80031 0.0152529 1.92107
1.80118 0.0150744 1.87763
1.80205 0.0148959 1.8347
1.80292 0.01472 1.79228
1.8038 0.0145444 1.75036
1.80467 0.0143654 1.70895
1.80554 0.0141891 1.66805
1.80642 0.0140156 1.62765
1.80729 0.0138387 1.58775
1.80816 0.0136618 1.54836
1.80903 0.0134885 1.50947
1.80991 0.0133116 1.47108
1.81078 0.0131349 1.4332
1.81165 0.0129609 1.39582
1.81252 0.0127862 1.35894
1.8134 0.0126118 1.32256
1.81427 0.0124372 1.28668
1.81514 0.0122626 1.2513
1.81601 0.0120883 1.21642
1.81689 0.011913 1.18204
1.81776 0.0117414 1.14816
1.81863 0.0115664 1.11477
1.81951 0.0113907 1.08189
1.82038 0.0112217 1.0495
1.82125 0.0110471 1.0176
1.82212 0.0108724 0.986205
1.823 0.0107007 0.955303
1.82387 0.0105275 0.924896
1.82474 0.0103543 0.894985
1.82561 0.0101815 0.86557
1.82649 0.010009 0.836649
1.82736 0.00983617 0.808223
1.82823 0.00966326 0.780292
1.8291 0.00949093 0.752856
1.82998 0.00931855 0.725913
1.83085 0.00914583 0.699465
1.83172 0.00897339 0.673511
1.8326 0.00880115 0.648051
1.83347 0.0086291 0.623084
1.83434 0.008457 0.59861
1.83521 0.00828484 0.574629
1.83609 0.00811302 0.551141
1.83696 0.00794107 0.528145
1.83783 0.00776922 0.505642
1.8387 0.007598 0.48363
1.83958 0.00742633 0.462109
1.84045 0.00725493 0.44108
1.84132 0.00708383 0.420541
1.84219 0.00691227 0.400493
1.84307 0.00674125 0.380936
1.84394 0.00657071 0.361868
1.84481 0.00639976 0.343289
1.84569 0.00622889 0.3252
1.84656 0.00605821 0.3076
1.84743 0.00588759 0.290489
1.8483 0.00571761 0.273866
1.84918 0.00554715 0.25773
1.85005 0.00537693 0.242083
1.85092 0.00520721 0.226922
1.85179 0.00503735 0.212248
1.85267 0.00486754 0.19806
1.85354 0.00469782 0.184359
1.85441 0.00452862 0.171143
1.85528 0.00435928 0.158412
1.85616 0.00419004 0.146166
1.85703 0.00402062 0.134405
1.8579 0.00385172 0.123129
1.85878 0.00368304 0.112336
1.85965 0.00351409 0.102027
1.86052 0.0033449 0.092202
1.86139 0.00317587 0.082862
1.86227 0.00300751 0.074005
1.86314 0.00283842 0.065631
1.86401 0.00266945 0.057742
1.86488 0.00250071 0.050336
1.86576 0.00233194 0.043414
1.86663 0.00216316 0.036975
1.8675 0.00199438 0.03102
1.86837 0.00182563 0.025548
1.86925 0.00165679 0.02056
1.87012 0.00148826 0.016055
1.87099 0.00131964 0.012033
1.87187 0.00115106 0.008494
1.87274 0.000982413 0.005438
1.87361 0.000813973 0.002865
1.87448 0.000645828 0.000774
1.87536 0.000477343 -0.000835
1.87623 0.000308889 -0.001961
1.8771 0.000140641 -0.002605
1.87797 -2.74118e-05 -0.002767
1.87885 -0.000195404 -0.002448
1.87972 -0.000363835 -0.001647
1.88059 -0.000531616 -0.000364
1.88146 -0.000699461 0.001399
1.88234 -0.000867702 0.003644
1.88321 -0.00103535 0.00637
1.88408 -0.00120286 0.009576
1.88496 -0.00137049 0.013262
1.88583 -0.00153778 0.017428
1.8867 -0.00170527 0.022073
1.88757 -0.00187226 0.027198
1.88845 -0.00203894 0.0328
1.88932 -0.00220644 0.038881
1.89019 -0.00237294 0.045441
1.89106 -0.00253945 0.052477
1.89194 -0.00270597 0.059991
1.89281 -0.00287247 0.067981
1.89368 -0.0030389 0.076449
1.89455 -0.00320467 0.085392
1.89543 -0.003371 0.094811
1.8963 -0.00353686 0.104706
1.89717 -0.00370293 0.115076
1.89805 -0.0038687 0.125922
1.89892 -0.00403445 0.137242
1.89979 -0.00420059 0.149038
1.90066 -0.00436612 0.161309
1.90154 -0.0045316 0.174054
1.90241 -0.00469697 0.187273
1.90328 -0.00486271 0.200966
1.90415 -0.00502814 0.215134
1.90503 -0.0051934 0.229775
1.9059 -0.00535874 0.24489
1.90677 -0.00552378 0.260478
1.90764 -0.00568883 0.276539
1.90852 -0.00585423 0.293073
1.90939 -0.00601939 0.310081
1.91026 -0.00618397 0.327561
1.91114 -0.006349 0.345513
1.91201 -0.00651397 0.363938
1.91288 -0.00667867 0.382835
1.91375 -0.0068434 0.402204
1.91463 -0.00700825 0.422045
1.9155 -0.00717276 0.442358
1.91637 -0.00733736 0.463142
1.91724 -0.00750191 0.484398
1.91812 -0.00766659 0.506125
1.91899 -0.00783094 0.528324
1.91986 -0.00799528 0.550993
1.92073 -0.00815999 0.574134
1.92161 -0.0083243 0.597746
1.92248 -0.0084889 0.621829
1.92335 -0.00865371 0.646384
1.92423 -0.00881834 0.671411
1.9251 -0.00898259 0.696909
1.92597 -0.00914745 0.722878
1.92684 -0.00931224 0.74932
1.92772 -0.00947673 0.776233
1.92859 -0.00964158 0.803618
1.92946 -0.00980631 0.831475
1.93033 -0.00997104 0.859804
1.93121 -0.0101358 0.888605
1.93208 -0.0103006 0.917878
1.93295 -0.0104653 0.947623
1.93382 -0.0106303 0.97784
1.9347 -0.0107951 1.00853
1.93557 -0.0109584 1.03969
1.93644 -0.0111247 1.07132
1.93732 -0.011291 1.10343
1.93819 -0.0114545 1.13601
1.93906 -0.0116188 1.16906
1.93993 -0.0117822 1.20258
1.94081 -0.0119486 1.23657
1.94168 -0.0121148 1.27104
1.94255 -0.0122784 1.30598
1.94342 -0.0124418 1.34139
1.9443 -0.0126089 1.37727
1.94517 -0.0127723 1.41363
1.94604 -0.0129358 1.45045
1.94691 -0.0131028 1.48775
1.94779 -0.0132661 1.52552
1.94866 -0.0134303 1.56376
1.94953 -0.0135945 1.60247
1.95041 -0.0137579 1.64165
1.95128 -0.0139247 1.6813
1.95215 -0.0140889 1.72143
1.95302 -0.0142494 1.76202
1.9539 -0.0144172 1.80308
1.95477 -0.0145803 1.84462
1.95564 -0.0147444 1.88662
1.95651 -0.0149092 1.9291
1.95739 -0.0150703 1.97204
1.95826 -0.0152352 2.01545
1.95913 -0.0153988 2.05933
1.96 -0.0155637 2.10368
1.96088 -0.0157249 2.1485
1.96175 -0.0158893 2.19378
1.96262 -0.0160547 2.23954
1.9635 -0.0162129 2.28576
1.96437 -0.0163784 2.33244
1.96524 -0.0165426 2.3796
1.96611 -0.0167044 2.42722
1.96699 -0.0168671 2.47531
1.96786 -0.0170285 2.52386
1.96873 -0.0171939 2.57288
1.9696 -0.0173553 2.62237
1.97048 -0.0175179 2.67232
1.97135 -0.0176802 2.72274
1.97222 -0.0178427 2.77362
1.97309 -0.0180042 2.82497
1.97397 -0.0181692 2.87678
1.97484 -0.0183317 2.92907
1.97571 -0.0184907 2.98181
1.97659 -0.018656 3.03502
1.97746 -0.0188203 3.0887
1.97833 -0.0189827 3.14285
1.9792 -0.0191422 3.19746
1.98008 -0.0193046 3.25253
1.98095 -0.0194697 3.30807
1.98182 -0.0196318 3.36408
1.98269 -0.019792 3.42055
1.98357 -0.0199521 3.47748
1.98444 -0.0201155 3.53487
1.98531 -0.0202754 3.59273
1.98618 -0.0204354 3.65104
1.98706 -0.0205997 3.70982
1.98793 -0.0207568 3.76906
1.9888 -0.0209172 3.82875
1.98968 -0.0210813 3.88891
1.99055 -0.0212388 3.94953
1.99142 -0.0213972 4.0106
1.99229 -0.021559 4.07213
1.99317 -0.0217166 4.13412
1.99404 -0.021877 4.19656
1.99491 -0.0220412 4.25947
1.99578 -0.0221979 4.32284
1.99666 -0.0223596 4.38666
1.99753 -0.02252 4.45095
1.9984 -0.02268 4.51569
1.99927 -0.0228429 4.5809
2.00015 -0.0230055 4.64657
2.00102 -0.0231658 4.71271
2.00189 -0.0233258 4.7793
2.00277 -0.0234889 4.84636
2.00364 -0.0236508 4.91388
2.00451 -0.0238138 4.98187
2.00538 -0.0239737 5.05032
2.00626 -0.0241341 5.11923
2.00713 -0.0242967 5.1886
2.008 -0.0244596 5.25844
2.00887 -0.0246193 5.32874
2.00975 -0.0247802 5.3995
2.01062 -0.0249407 5.47072
2.01149 -0.0251014 5.5424
2.01236 -0.0252618 5.61454
2.01324 -0.0254226 5.68714
2.01411 -0.025583 5.7602
2.01498 -0.0257436 5.83372
2.01585 -0.0259041 5.9077
2.01673 -0.026065 5.98214
2.0176 -0.0262248 6.05704
2.01847 -0.0263877 6.1324
2.01935 -0.0265502 6.20823
2.02022 -0.0267113 6.28452
2.02109 -0.0268783 6.36128
2.02196 -0.0270443 6.43852
2.02284 -0.0272072 6.51623
2.02371 -0.0273741 6.59441
2.02458 -0.0275391 6.67307
2.02545 -0.0277067 6.7522
2.02633 -0.0278766 6.83182
2.0272 -0.0280455 6.91192
2.02807 -0.0282157 6.99251
2.02894 -0.028382 7.07358
2.02982 -0.0285517 7.15513
2.03069 -0.0287221 7.23717
2.03156 -0.0288861 7.31969
2.03244 -0.0290547 7.40268
2.03331 -0.0292219 7.48616
2.03418 -0.02939 7.57011
2.03505 -0.0295552 7.65455
2.03593 -0.0297211 7.73945
2.0368 -0.0298878 7.82484
2.03767 -0.0300501 7.91069
2.03854 -0.0302177 7.99702
2.03942 -0.0303802 8.08382
2.04029 -0.030547 8.17109
2.04116 -0.0307119 8.25884
2.04203 -0.0308798 8.34706
2.04291 -0.0310492 8.43577
2.04378 -0.0312202 8.52496
2.04465 -0.0313927 8.61465
2.04553 -0.0315674 8.70483
2.0464 -0.0317438 8.79552
2.04727 -0.0319216 8.88671
2.04814 -0.0321015 8.97842
2.04902 -0.0322831 9.07064
2.04989 -0.0324664 9.16339
2.05076 -0.032651 9.25666
2.05163 -0.0328392 9.35047
2.05251 -0.0330226 9.44481
2.05338 -0.0332112 9.53968
2.05425 -0.0333937 9.63509
2.05512 -0.0335745 9.73101
2.056 -0.0337575 9.82746
2.05687 -0.0339338 9.92442
2.05774 -0.0341245 10.0219
2.05862 -0.0342746 10.1199
2.05949 -0.0344466 10.2183
2.06036 -0.0346555 10.3173
2.06123 -0.0348 10.4168
2.06211 -0.0349552 10.5167
2.06298 -0.035133 10.6171
2.06385 -0.0353141 10.718
2.06472 -0.0354587 10.8194
2.0656 -0.0356415 10.9212
2.06647 -0.0358134 11.0236
2.06734 -0.0359901 11.1264
2.06821 -0.0361583 11.2298
2.06909 -0.0363562 11.3336
2.06996 -0.0365487 11.4381
2.07083 -0.036732 11.543
2.07171 -0.0369581 11.6486
2.07258 -0.0371278 11.7547
2.07345 -0.0373752 11.8614
2.07432 -0.0375765 11.9688
2.0752 -0.0377803 12.0767
2.07607 -0.0380211 12.1853
2.07694 -0.0382151 12.2945
2.07781 -0.0384547 12.4043
2.07869 -0.0386638 12.5148
2.07956 -0.0388445 12.6258
2.08043 -0.039064 12.7374
2.0813 -0.0392621 12.8496
2.08218 -0.0394028 12.9623
2.08305 -0.0395844 13.0754
2.08392 -0.0397639 13.1891
2.0848 -0.0399116 13.3032
2.08567 -0.0400845 13.4178
2.08654 -0.0401876 13.5328
2.08741 -0.040335 13.6481
2.08829 -0.0404798 13.7639
2.08916 -0.0405911 13.88
2.09003 -0.0407338 13.9965
2.0909 -0.040889 14.1134
2.09178 -0.0410685 14.2308
2.09265 -0.0412428 14.3487
2.09352 -0.0414128 14.4671
2.09439 -0.0416057 14.586
2.09527 -0.0418155 14.7055
2.09614 -0.0420406 14.8256
2.09701 -0.0422914 14.9464
2.09789 -0.0425286 15.0679
2.09876 -0.0427962 15.1901
2.09963 -0.0430596 15.3131
2.1005 -0.0433085 15.4368
2.10138 -0.0436204 15.5613
2.10225 -0.0439044 15.6867
2.10312 -0.0441317 15.8128
2.10399 -0.0444049 15.9396
2.10487 -0.0446554 16.0672
2.10574 -0.0448468 16.1954
2.10661 -0.0450874 16.3242
2.10748 -0.0452946 16.4537
2.10836 -0.0454811 16.5837
2.10923 -0.0456806 16.7143
2.1101 -0.0458478 16.8454
2.11098 -0.0460268 16.977
2.11185 -0.0461917 17.1091
2.11272 -0.0462952 17.2416
2.11359 -0.0464487 17.3744
2.11447 -0.0465691 17.5077
2.11534 -0.0466678 17.6412
2.11621 -0.0467809 17.7751
2.11708 -0.0468575 17.9092
2.11796 -0.0469615 18.0436
2.11883 -0.0469933 18.1782
2.1197 -0.0470758 18.3129
2.12057 -0.0471322 18.4479
2.12145 -0.0471386 18.5829
2.12232 -0.0471618 18.718
2.12319 -0.0472718 18.8532
2.12407 -0.0474362 18.9889
2.12494 -0.0476116 19.125
2.12581 -0.0477931 19.2617
2.12668 -0.0479381 19.3988
2.12756 -0.0481188 19.5364
2.12843 -0.0482992 19.6745
2.1293 -0.0484439 19.8131
2.13017 -0.0486262 19.9521
2.13105 -0.0487996 20.0917
2.13192 -0.0489721 20.2317
2.13279 -0.0491553 20.3723
2.13366 -0.0492974 20.5133
2.13454 -0.0494882 20.6548
2.13541 -0.0496303 20.7968
2.13628 -0.0498133 20.9392
2.13716 -0.0499862 21.0822
2.13803 -0.0501593 21.2256
2.1389 -0.0503416 21.3696
2.13977 -0.0504864 21.514
2.14065 -0.050667 21.6589
2.14152 -0.0508472 21.8043
2.14239 -0.0509927 21.9502
2.14326 -0.0511727 22.0965
2.14414 -0.0513549 22.2434
2.14501 -0.0514929 22.3907
2.14588 -0.0517013 22.5385
2.14675 -0.0518812 22.6869
2.14763 -0.0520008 22.8357
2.1485 -0.052181 22.9849
2.14937 -0.0523875 23.1347
2.15025 -0.0525332 23.285
2.15112 -0.0526872 23.4357
2.15199 -0.0528673 23.5869
2.15286 -0.05304 23.7386
2.15374 -0.0532155 23.8908
2.15461 -0.0533884 24.0435
2.15548 -0.0535682 24.1967
2.15635 -0.0537227 24.3504
2.15723 -0.0538678 24.5045
2.1581 -0.0540768 24.6591
2.15897 -0.0542474 24.8143
2.15984 -0.0544023 24.9699
2.16072 -0.0545543 25.126
2.16159 -0.0547347 25.2825
2.16246 -0.0549081 25.4396
2.16334 -0.0550812 25.5971
2.16421 -0.0552635 25.7552
2.16508 -0.0554076 25.9137
2.16595 -0.0555908 26.0727
2.16683 -0.0557612 26.2322
2.1677 -0.0559442 26.3922
2.16857 -0.056089 26.5527
2.16944 -0.0562692 26.7136
2.17032 -0.05645 26.8751
2.17119 -0.0565947 27.037
2.17206 -0.0567776 27.1994
2.17293 -0.0569479 27.3623
2.17381 -0.0571312 27.5257
2.17468 -0.0572759 27.6896
2.17555 -0.0574561 27.8539
2.17643 -0.0576369 28.0188
2.1773 -0.0577816 28.1841
2.17817 -0.0579639 28.3499
2.17904 -0.0581366 28.5162
2.17992 -0.0583105 28.683
2.18079 -0.0584901 28.8503
2.18166 -0.0586445 29.0181
2.18253 -0.0587893 29.1863
2.18341 -0.0589979 29.355
2.18428 -0.0591715 29.5243
2.18515 -0.0593161 29.694
2.18602 -0.0595061 29.8642
2.1869 -0.0596492 30.0349
2.18777 -0.0598296 30.206
2.18864 -0.0600116 30.3777
2.18952 -0.0601498 30.5498
2.19039 -0.0603582 30.7224
2.19126 -0.0605382 30.8956
2.19213 -0.0606573 31.0692
2.19301 -0.0608376 31.2432
2.19388 -0.0610458 31.4178
2.19475 -0.0611839 31.5929
2.19562 -0.061366 31.7684
2.1965 -0.0615466 31.9445
2.19737 -0.0616896 32.121
2.19824 -0.0618794 32.298
2.19911 -0.0620241 32.4755
2.19999 -0.0621979 32.6534
2.20086 -0.0624063 32.8319
2.20173 -0.0625509 33.0109
2.20261 -0.0627057 33.1903
2.20348 -0.0628853 33.3702
2.20435 -0.063059 33.5506
2.20522 -0.0632316 33.7315
2.2061 -0.0634141 33.9129
2.20697 -0.063559 34.0948
2.20784 -0.0637395 34.2771
2.20871 -0.0639198 34.46
2.20959 -0.0640646 34.6433
2.21046 -0.0642477 34.8271
2.21133 -0.064418 35.0114
2.2122 -0.0646009 35.1962
2.21308 -0.0647459 35.3815
2.21395 -0.0649263 35.5672
2.21482 -0.0651066 35.7535
2.2157 -0.0652517 35.9402
2.21657 -0.065434 36.1274
2.21744 -0.065607 36.3151
2.21831 -0.0657798 36.5033
2.21919 -0.0659623 36.692
2.22006 -0.0661072 36.8812
2.22093 -0.0662877 37.0708
2.2218 -0.0664678 37.261
2.22268 -0.0666135 37.4516
2.22355 -0.0667937 37.6427
2.22442 -0.0669742 37.8343
2.22529 -0.067119 38.0264
2.22617 -0.0673016 38.2189
2.22704 -0.0674744 38.412
2.22791 -0.0676471 38.6055
2.22879 -0.0678305 38.7996
2.22966 -0.0679725 38.9941
2.23053 -0.0681632 39.1891
2.2314 -0.0683054 39.3846
2.23228 -0.0684886 39.5805
2.23315 -0.0686613 39.777
2.23402 -0.0688342 39.9739
2.23489 -0.0690165 40.1714
2.23577 -0.0691615 40.3693
2.23664 -0.0693419 40.5677
2.23751 -0.0695221 40.7666
2.23838 -0.0696676 40.966
2.23926 -0.0698481 41.1658
2.24013 -0.0700285 41.3662
2.241 -0.0701733 41.567
2.24188 -0.070356 41.7683
2.24275 -0.0705289 41.9701
2.24362 -0.0707016 42.1724
2.24449 -0.0708839 42.3752
2.24537 -0.0710291 42.5785
2.24624 -0.0712094 42.7822
2.24711 -0.0713898 42.9865
2.24798 -0.0715345 43.1912
2.24886 -0.0717177 43.3964
2.24973 -0.0718881 43.6021
2.2506 -0.072071 43.8083
2.25147 -0.0722157 44.015
2.25235 -0.0723964 44.2221
2.25322 -0.0725767 44.4298
2.25409 -0.0727215 44.6379
2.25497 -0.0729041 44.8465
2.25584 -0.0730768 45.0556
2.25671 -0.0732503 45.2652
2.25758 -0.07343 45.4753
2.25846 -0.0735847 45.6859
2.25933 -0.0737296 45.8969
2.2602 -0.0739379 46.1084
2.26107 -0.0741113 46.3205
2.26195 -0.0742564 46.533
2.26282 -0.0744461 46.746
2.26369 -0.074589 46.9595
2.26456 -0.0747694 47.1734
2.26544 -0.0749519 47.3879
2.26631 -0.0750899 47.6028
2.26718 -0.075298 47.8182
2.26806 -0.0754783 48.0342
2.26893 -0.0755976 48.2506
2.2698 -0.0757775 48.4674
2.27067 -0.0759857 48.6848
2.27155 -0.076124 48.9027
2.27242 -0.0763063 49.121
2.27329 -0.0764867 49.3399
2.27416 -0.0766294 49.5592
2.27504 -0.0768195 49.779
2.27591 -0.0769642 49.9993
2.27678 -0.0771378 50.22
2.27765 -0.077346 50.4413
2.27853 -0.0774912 50.6631
2.2794 -0.0776455 50.8853
2.28027 -0.0778252 51.108
2.28114 -0.0779988 51.3312
2.28202 -0.0781717 51.5549
2.28289 -0.078354 51.7791
2.28376 -0.0784988 52.0038
2.28464 -0.0786796 52.2289
2.28551 -0.0788599 52.4546
2.28638 -0.0790045 52.6807
2.28725 -0.0791876 52.9073
2.28813 -0.0793581 53.1344
2.289 -0.0795411 53.362
2.28987 -0.0796856 53.5901
2.29074 -0.0798662 53.8186
2.29162 -0.0800467 54.0477
2.29249 -0.0801915 54.2772
2.29336 -0.0803738 54.5072
2.29423 -0.0805465 54.7377
2.29511 -0.0807204 54.9687
2.29598 -0.0809002 55.2002
2.29685 -0.0810545 55.4322
2.29773 -0.0811997 55.6646
2.2986 -0.0814086 55.8975
2.29947 -0.0815794 56.131
2.30034 -0.0817336 56.3649
2.30122 -0.0818882 56.5993
2.30209 -0.0820591 56.8341
2.30296 -0.0822679 57.0695
2.30383 -0.0824126 57.3054
2.30471 -0.0825674 57.5417
2.30558 -0.0827473 57.7785
2.30645 -0.0829201 58.0158
2.30732 -0.0830954 58.2536
2.3082 -0.0832685 58.4919
2.30907 -0.0834484 58.7307
2.30994 -0.0836027 58.97
2.31082 -0.0837478 59.2097
2.31169 -0.0839569 59.4499
2.31256 -0.0841275 59.6907
2.31343 -0.0842824 59.9319
2.31431 -0.0844344 60.1736
2.31518 -0.0846147 60.4157
2.31605 -0.0847883 60.6584
2.31692 -0.084961 60.9015
2.3178 -0.0851437 61.1452
2.31867 -0.0852879 61.3893
2.31954 -0.0854709 61.6339
2.32041 -0.0856415 61.879
2.32129 -0.0858223 62.1246
2.32216 -0.0859766 62.3707
2.32303 -0.0861212 62.6172
2.32391 -0.08633 62.8642
2.32478 -0.0865032 63.1118
2.32565 -0.0866481 63.3598
2.32652 -0.0868374 63.6083
2.3274 -0.0869826 63.8573
2.32827 -0.087156 64.1067
2.32914 -0.0873644 64.3567
2.33001 -0.0875091 64.6072
2.33089 -0.0876636 64.8581
2.33176 -0.0878439 65.1095
2.33263 -0.088015 65.3614
2.3335 -0.0881977 65.6138
2.33438 -0.0883427 65.8667
2.33525 -0.088523 66.12
2.33612 -0.0887034 66.3739
2.337 -0.0888485 66.6282
2.33787 -0.0890308 66.883
2.33874 -0.0892038 67.1383
2.33961 -0.0893766 67.3941
2.34049 -0.0895593 67.6504
2.34136 -0.0897041 67.9072
2.34223 -0.0898845 68.1644
2.3431 -0.0900648 68.4222
2.34398 -0.0902097 68.6804
2.34485 -0.0903928 68.9391
2.34572 -0.0905629 69.1983
2.34659 -0.0907459 69.458
2.34747 -0.090891 69.7182
2.34834 -0.0910712 69.9788
2.34921 -0.0912515 70.24
2.35009 -0.0913969 70.5016
2.35096 -0.0915791 70.7637
2.35183 -0.0917519 71.0263
2.3527 -0.0919247 71.2894
2.35358 -0.0921074 71.553
2.35445 -0.0922523 71.8171
2.35532 -0.0924326 72.0816
2.35619 -0.0926126 72.3467
2.35707 -0.0927587 72.6122
2.35794 -0.0929387 72.8782
2.35881 -0.0931192 73.1447
2.35968 -0.093264 73.4117
2.36056 -0.0934465 73.6791
2.36143 -0.0936194 73.9471
2.3623 -0.0937928 74.2155
2.36318 -0.0939735 74.4845
2.36405 -0.0941251 74.7539
2.36492 -0.0942801 75.0238
2.36579 -0.0944501 75.2941
2.36667 -0.0946618 75.565
2.36754 -0.0947989 75.8364
2.36841 -0.0949811 76.1082
2.36928 -0.0951614 76.3806
2.37016 -0.0953046 76.6534
2.37103 -0.0954944 76.9267
2.3719 -0.0956393 77.2005
2.37277 -0.0958127 77.4747
2.37365 -0.0960213 77.7495
2.37452 -0.0961662 78.0248
2.37539 -0.0963204 78.3005
2.37627 -0.0965006 78.5767
2.37714 -0.096674 78.8534
2.37801 -0.0968466 79.1306
2.37888 -0.097029 79.4083
2.37976 -0.0971742 79.6865
2.38063 -0.0973544 79.9651
2.3815 -0.0975348 80.2443
2.38237 -0.0976796 80.5239
2.38325 -0.0978629 80.804
2.38412 -0.0980331 81.0846
2.38499 -0.098216 81.3657
2.38586 -0.0983607 81.6473
2.38674 -0.0985413 81.9293
2.38761 -0.0987217 82.2119
2.38848 -0.0988664 82.4949
2.38936 -0.0990497 82.7784
2.39023 -0.0992199 83.0624
2.3911 -0.0994028 83.3469
2.39197 -0.0995476 83.6319
2.39285 -0.0997278 83.9173
2.39372 -0.0999108 84.2033
2.39459 -0.100046 84.4897
2.39546 -0.100264 84.7766
2.39634 -0.100408 85.0641
2.39721 -0.100556 85.3519
2.39808 -0.100764 85.6403
2.39895 -0.100935 85.9292
2.39983 -0.10109 86.2186
2.4007 -0.101242 86.5084
2.40157 -0.101422 86.7987
2.40245 -0.101596 87.0895
2.40332 -0.101769 87.3808
2.40419 -0.101951 87.6726
2.40506 -0.102096 87.9649
2.40594 -0.102277 88.2576
2.40681 -0.102457 88.5509
2.40768 -0.102602 88.8446
2.40855 -0.102784 89.1388
2.40943 -0.102957 89.4335
2.4103 -0.10313 89.7287
2.41117 -0.103312 90.0244
2.41204 -0.103457 90.3206
2.41292 -0.103638 90.6172
2.41379 -0.103818 90.9144
2.41466 -0.103963 91.212
2.41554 -0.104144 91.5101
2.41641 -0.104324 91.8087
2.41728 -0.10447 92.1078
2.41815 -0.10465 92.4073
2.41903 -0.104832 92.7074
2.4199 -0.10497 93.0079
2.42077 -0.105178 93.3089
2.42164 -0.105358 93.6105
2.42252 -0.105478 93.9125
2.42339 -0.105658 94.2149
2.42426 -0.105864 94.5179
2.42513 -0.106011 94.8214
2.42601 -0.106158 95.1253
2.42688 -0.106367 95.4297
2.42775 -0.106537 95.7347
2.42863 -0.106693 96.0401
2.4295 -0.106844 96.346
2.43037 -0.107025 96.6523
2.43124 -0.107198 96.9592
2.43212 -0.107371 97.2665
2.43299 -0.107554 97.5744
2.43386 -0.107698 97.8827
2.43473 -0.10788 98.1915
2.43561 -0.108052 98.5008
2.43648 -0.108231 98.8106
2.43735 -0.108393 99.1209
2.43822 -0.108508 99.4316
2.4391 -0.108825 99.7428
2.43997 -0.109014 100.055
2.44084 -0.108779 100.367
2.44172 -0.109319 100.679
2.44259 -0.109491 100.993
2.44346 -0.10931 101.306
2.44433 -0.10986 101.62
2.44521 -0.109935 101.935
2.44608 -0.110135 102.25
2.44695 -0.110308 102.566
2.44782 -0.110464 102.882
2.4487 -0.110714 103.199
2.44957 -0.110606 103.516
2.45044 -0.110786 103.833
2.45131 -0.111221 104.151
2.45219 -0.111396 104.47
2.45306 -0.111308 104.789
2.45393 -0.111483 105.108
2.45481 -0.111919 105.428
2.45568 -0.112094 105.749
2.45655 -0.112006 106.07
2.45742 -0.112181 106.391
2.4583 -0.112616 106.713
2.45917 -0.112796 107.036
2.46004 -0.112689 107.359
2.46091 -0.112938 107.682
2.46179 -0.113095 108.006
2.46266 -0.113267 108.33
2.46353 -0.113468 108.655
2.4644 -0.11354 108.98
2.46528 -0.114098 109.306
2.46615 -0.113889 109.633
2.46702 -0.114166 109.959
2.4679 -0.114314 110.287
2.46877 -0.114495 110.614
2.46964 -0.114668 110.943
2.47051 -0.114841 111.271
2.47139 -0.115023 111.601
2.47226 -0.11517 111.93
2.47313 -0.115447 112.261
2.474 -0.115238 112.591
2.47488 -0.115796 112.922
2.47575 -0.115868 113.254
2.47662 -0.116069 113.586
2.47749 -0.116241 113.919
2.47837 -0.116398 114.252
2.47924 -0.116647 114.586
2.48011 -0.116541 114.92
2.48099 -0.116716 115.254
2.48186 -0.11717 115.589
2.48273 -0.117274 115.925
2.4836 -0.117449 116.261
2.48448 -0.117693 116.598
2.48535 -0.117593 116.935
2.48622 -0.117747 117.272
2.48709 -0.118276 117.61
2.48797 -0.1181 117.949
2.48884 -0.118275 118.287
2.48971 -0.118799 118.627
2.49058 -0.118624 118.967
2.49146 -0.118799 119.307
2.49233 -0.119322 119.648
2.4932 -0.119148 119.99
2.49408 -0.119321 120.331
2.49495 -0.119852 120.674
2.49582 -0.11965 121.017
2.49669 -0.119925 121.36
2.49757 -0.120073 121.704
2.49844 -0.120255 122.048
2.49931 -0.120427 122.393
2.50018 -0.120602 122.738
2.50106 -0.120777 123.084
2.50193 -0.120951 123.43
2.5028 -0.121126 123.777
2.50367 -0.1213 124.124
2.50455 -0.121475 124.472
2.50542 -0.121648 124.82
2.50629 -0.12183 125.169
2.50717 -0.121977 125.518
2.50804 -0.122253 125.868
2.50891 -0.122051 126.218
2.50978 -0.122582 126.568
2.51066 -0.122755 126.92
2.51153 -0.12258 127.271
2.5124 -0.123104 127.623
2.51327 -0.123278 127.976
2.51415 -0.123104 128.329
2.51502 -0.123628 128.682
2.51589 -0.123802 129.037
2.51676 -0.123626 129.391
2.51764 -0.124155 129.746
2.51851 -0.12431 130.102
2.51938 -0.12421 130.458
2.52026 -0.124453 130.814
2.52113 -0.124628 131.171
2.522 -0.124733 131.528
2.52287 -0.125186 131.886
2.52375 -0.125362 132.245
2.52462 -0.125255 132.604
2.52549 -0.125505 132.963
2.52636 -0.125661 133.323
2.52724 -0.125834 133.683
2.52811 -0.126034 134.044
2.52898 -0.126106 134.405
2.52985 -0.126664 134.767
2.53073 -0.126456 135.13
2.5316 -0.126733 135.492
2.53247 -0.12688 135.856
2.53335 -0.127062 136.219
2.53422 -0.127235 136.584
2.53509 -0.127408 136.948
2.53596 -0.127589 137.314
2.53684 -0.127737 137.679
2.53771 -0.128014 138.046
2.53858 -0.127805 138.412
2.53945 -0.128363 138.779
2.54033 -0.128435 139.147
2.5412 -0.128636 139.515
2.54207 -0.128808 139.884
2.54294 -0.128964 140.253
2.54382 -0.129214 140.623
2.54469 -0.129107 140.993
2.54556 -0.129286 141.363
2.54643 -0.129721 141.734
2.54731 -0.129896 142.106
2.54818 -0.129809 142.478
2.54905 -0.129983 142.85
2.54993 -0.13042 143.223
2.5508 -0.130594 143.597
2.55167 -0.130507 143.971
2.55254 -0.130682 144.345
2.55342 -0.131117 144.72
2.55429 -0.131296 145.096
2.55516 -0.131191 145.472
2.55603 -0.131433 145.848
2.55691 -0.131615 146.225
2.55778 -0.131694 146.602
2.55865 -0.132243 146.98
2.55952 -0.132062 147.359
2.5604 -0.132237 147.737
2.56127 -0.132767 148.117
2.56214 -0.132565 148.497
2.56302 -0.132841 148.877
2.56389 -0.132988 149.258
2.56476 -0.13317 149.639
2.56563 -0.133343 150.021
2.56651 -0.133518 150.403
2.56738 -0.133693 150.786
2.56825 -0.133866 151.169
2.56912 -0.134045 151.553
2.57 -0.1342 151.937
2.57087 -0.13445 152.322
2.57174 -0.134343 152.707
2.57261 -0.134518 153.092
2.57349 -0.134972 153.478
2.57436 -0.135078 153.865
2.57523 -0.135246 154.252
2.57611 -0.135516 154.64
2.57698 -0.135316 155.028
2.57785 -0.135846 155.416
2.57872 -0.136019 155.806
2.5796 -0.135844 156.195
2.58047 -0.136374 156.585
2.58134 -0.136521 156.976
2.58221 -0.136448 157.367
2.58309 -0.136596 157.758
2.58396 -0.137126 158.15
2.58483 -0.136949 158.543
2.5857 -0.137125 158.935
2.58658 -0.137648 159.329
2.58745 -0.137474 159.723
2.58832 -0.137648 160.117
2.5892 -0.138172 160.512
2.59007 -0.137998 160.908
2.59094 -0.13817 161.303
2.59181 -0.138701 161.7
2.59269 -0.1385 162.097
2.59356 -0.138775 162.494
2.59443 -0.138922 162.892
2.5953 -0.139104 163.29
2.59618 -0.139277 163.689
2.59705 -0.139452 164.088
2.59792 -0.139626 164.488
2.59879 -0.1398 164.888
2.59967 -0.139976 165.289
2.60054 -0.140148 165.69
2.60141 -0.14033 166.092
2.60229 -0.140478 166.494
2.60316 -0.140753 166.897
2.60403 -0.140551 167.3
2.6049 -0.141082 167.703
2.60578 -0.141256 168.108
2.60665 -0.141076 168.512
2.60752 -0.141625 168.917
2.60839 -0.141704 169.323
2.60927 -0.141885 169.729
2.61014 -0.142128 170.136
2.61101 -0.142022 170.543
2.61188 -0.142201 170.95
2.61276 -0.142637 171.358
2.61363 -0.14281 171.767
2.6145 -0.142729 172.176
2.61538 -0.142879 172.585
2.61625 -0.143409 172.995
2.61712 -0.143233 173.406
2.61799 -0.143406 173.816
2.61887 -0.143937 174.228
2.61974 -0.143737 174.64
2.62061 -0.144007 175.052
2.62148 -0.144174 175.465
2.62236 -0.144281 175.878
2.62323 -0.144734 176.292
2.6241 -0.144909 176.707
2.62497 -0.144803 177.122
2.62585 -0.145053 177.537
2.62672 -0.145207 177.953
2.62759 -0.145387 178.369
2.62847 -0.14556 178.786
2.62934 -0.145735 179.203
2.63021 -0.14591 179.621
2.63108 -0.146082 180.039
2.63196 -0.146265 180.458
2.63283 -0.146412 180.877
2.6337 -0.146687 181.297
2.63457 -0.146486 181.717
2.63545 -0.147016 182.137
2.63632 -0.14719 182.559
2.63719 -0.147009 182.98
2.63806 -0.147558 183.402
2.63894 -0.147638 183.825
2.63981 -0.147819 184.248
2.64068 -0.148062 184.672
2.64156 -0.147957 185.096
2.64243 -0.148136 185.52
2.6433 -0.148571 185.945
2.64417 -0.148745 186.371
2.64505 -0.148659 186.797
2.64592 -0.148833 187.223
2.64679 -0.149269 187.65
2.64766 -0.149443 188.078
2.64854 -0.149357 188.506
2.64941 -0.149531 188.934
2.65028 -0.149966 189.363
2.65115 -0.150146 189.793
2.65203 -0.150039 190.223
2.6529 -0.150288 190.653
2.65377 -0.150444 191.084
2.65465 -0.150618 191.515
2.65552 -0.150818 191.947
2.65639 -0.150891 192.379
2.65726 -0.151442 192.812
2.65814 -0.151261 193.246
2.65901 -0.151436 193.679
2.65988 -0.151964 194.114
2.66075 -0.15177 194.549
2.66163 -0.152018 194.984
2.6625 -0.152268 195.42
2.66337 -0.152067 195.856
2.66424 -0.15262 196.292
2.66512 -0.152701 196.73
2.66599 -0.152875 197.167
2.66686 -0.153145 197.606
2.66774 -0.152939 198.044
2.66861 -0.153494 198.483
2.66948 -0.153571 198.923
2.67035 -0.153753 199.363
2.67123 -0.153996 199.804
2.6721 -0.153892 200.245
2.67297 -0.154066 200.686
2.67384 -0.15452 201.128
2.67472 -0.154625 201.571
2.67559 -0.154799 202.014
2.67646 -0.155044 202.458
2.67733 -0.154937 202.902
2.67821 -0.155118 203.346
2.67908 -0.155551 203.791
2.67995 -0.155731 204.237
2.68083 -0.155625 204.683
2.6817 -0.15587 205.129
2.68257 -0.156044 205.576
2.68344 -0.156149 206.023
2.68432 -0.156603 206.471
2.68519 -0.156778 206.92
2.68606 -0.156671 207.369
2.68693 -0.156921 207.818
2.68781 -0.157076 208.268
2.68868 -0.157256 208.718
2.68955 -0.157428 209.169
2.69042 -0.157603 209.62
2.6913 -0.157778 210.072
2.69217 -0.157952 210.524
2.69304 -0.158127 210.977
2.69392 -0.158302 211.43
2.69479 -0.158476 211.884
2.69566 -0.15865 212.338
2.69653 -0.158825 212.793
2.69741 -0.159 213.248
2.69828 -0.159175 213.704
2.69915 -0.159347 214.16
2.70002 -0.159527 214.617
2.7009 -0.159682 215.074
2.70177 -0.159932 215.532
2.70264 -0.159825 215.99
2.70351 -0.16 216.448
2.70439 -0.160454 216.907
2.70526 -0.160559 217.367
2.70613 -0.160733 217.827
2.70701 -0.160978 218.288
2.70788 -0.160872 218.749
2.70875 -0.161052 219.21
2.70962 -0.161485 219.672
2.7105 -0.161665 220.135
2.71137 -0.161559 220.598
2.71224 -0.161804 221.061
2.71311 -0.161978 221.525
2.71399 -0.162083 221.989
2.71486 -0.162537 222.454
2.71573 -0.162711 222.92
2.7166 -0.162607 223.386
2.71748 -0.16285 223.852
2.71835 -0.163031 224.319
2.71922 -0.163108 224.786
2.7201 -0.163665 225.254
2.72097 -0.163457 225.723
2.72184 -0.163733 226.191
2.72271 -0.16388 226.661
2.72359 -0.164063 227.13
2.72446 -0.164235 227.601
2.72533 -0.16441 228.071
2.7262 -0.164585 228.543
2.72708 -0.164758 229.014
2.72795 -0.164939 229.487
2.72882 -0.165086 229.959
2.72969 -0.165363 230.433
2.73057 -0.165155 230.906
2.73144 -0.165713 231.38
2.73231 -0.165785 231.855
2.73319 -0.165986 232.33
2.73406 -0.166158 232.806
2.73493 -0.166314 233.282
2.7358 -0.166564 233.759
2.73668 -0.166457 234.236
2.73755 -0.166637 234.713
2.73842 -0.167071 235.191
2.73929 -0.167246 235.67
2.74017 -0.167159 236.149
2.74104 -0.167333 236.628
2.74191 -0.16777 237.108
2.74278 -0.167944 237.589
2.74366 -0.167857 238.07
2.74453 -0.168032 238.551
2.7454 -0.168467 239.033
2.74628 -0.168647 239.516
2.74715 -0.168541 239.999
2.74802 -0.168784 240.482
2.74889 -0.168965 240.966
2.74977 -0.169044 241.45
2.75064 -0.169593 241.935
2.75151 -0.169412 242.421
2.75238 -0.169587 242.906
2.75326 -0.170117 243.393
2.75413 -0.169916 243.88
2.755 -0.170191 244.367
2.75587 -0.170338 244.855
2.75675 -0.17052 245.343
2.75762 -0.170693 245.832
2.75849 -0.170867 246.321
2.75937 -0.171043 246.811
2.76024 -0.171216 247.301
2.76111 -0.171395 247.792
2.76198 -0.17155 248.283
2.76286 -0.1718 248.775
2.76373 -0.171693 249.267
2.7646 -0.171869 249.759
2.76547 -0.172321 250.252
2.76635 -0.172429 250.746
2.76722 -0.172596 251.24
2.76809 -0.172866 251.735
2.76896 -0.172666 252.23
2.76984 -0.173196 252.725
2.77071 -0.173369 253.222
2.77158 -0.173193 253.718
2.77246 -0.173724 254.215
2.77333 -0.173872 254.713
2.7742 -0.173798 255.211
2.77507 -0.173945 255.709
2.77595 -0.174477 256.208
2.77682 -0.1743 256.708
2.77769 -0.174475 257.207
2.77856 -0.174999 257.708
2.77944 -0.174825 258.209
2.78031 -0.174999 258.71
2.78118 -0.175522 259.212
2.78205 -0.175348 259.715
2.78293 -0.175521 260.217
2.7838 -0.176051 260.721
2.78467 -0.175849 261.225
2.78555 -0.176125 261.729
2.78642 -0.176273 262.234
2.78729 -0.176454 262.739
2.78816 -0.176627 263.245
2.78904 -0.176802 263.751
2.78991 -0.176977 264.258
2.79078 -0.177151 264.765
2.79165 -0.177325 265.273
2.79253 -0.177499 265.781
2.7934 -0.177678 266.29
2.79427 -0.177833 266.799
2.79514 -0.178083 267.309
2.79602 -0.177977 267.819
2.79689 -0.178151 268.329
2.79776 -0.178605 268.84
2.79864 -0.178712 269.352
2.79951 -0.178879 269.864
2.80038 -0.179149 270.377
2.80125 -0.178948 270.89
2.80213 -0.17948 271.403
2.803 -0.179652 271.918
2.80387 -0.179477 272.432
2.80474 -0.180006 272.947
2.80562 -0.18016 273.463
2.80649 -0.18006 273.979
2.80736 -0.180303 274.495
2.80823 -0.180479 275.012
2.80911 -0.180584 275.529
2.80998 -0.181038 276.047
2.81085 -0.181212 276.566
2.81172 -0.181107 277.085
2.8126 -0.18135 277.604
2.81347 -0.181532 278.124
2.81434 -0.18161 278.644
2.81522 -0.18216 279.165
2.81609 -0.181979 279.687
2.81696 -0.182153 280.208
2.81783 -0.182683 280.731
2.81871 -0.182481 281.254
2.81958 -0.182757 281.777
2.82045 -0.182905 282.301
2.82132 -0.183086 282.825
2.8222 -0.18326 283.35
2.82307 -0.183432 283.875
2.82394 -0.183614 284.401
2.82481 -0.183762 284.927
2.82569 -0.184038 285.454
2.82656 -0.183836 285.981
2.82743 -0.184366 286.508
2.82831 -0.184541 287.037
2.82918 -0.184359 287.565
2.83005 -0.184909 288.094
2.83092 -0.184987 288.624
2.8318 -0.185169 289.154
2.83267 -0.185412 289.685
2.83354 -0.185307 290.216
2.83441 -0.185486 290.747
2.83529 -0.185921 291.279
2.83616 -0.186096 291.812
2.83703 -0.186008 292.345
2.8379 -0.186183 292.878
2.83878 -0.186619 293.412
2.83965 -0.186794 293.947
2.84052 -0.186706 294.482
2.8414 -0.186881 295.017
2.84227 -0.187316 295.553
2.84314 -0.187495 296.09
2.84401 -0.187389 296.627
2.84489 -0.187639 297.164
2.84576 -0.187794 297.702
2.84663 -0.187967 298.24
2.8475 -0.188167 298.779
2.84838 -0.188241 299.318
2.84925 -0.188798 299.858
2.85012 -0.18859 300.399
2.85099 -0.188865 300.939
2.85187 -0.189014 301.481
2.85274 -0.189195 302.022
2.85361 -0.189368 302.565
2.85449 -0.189541 303.107
2.85536 -0.189723 303.651
2.85623 -0.189871 304.194
2.8571 -0.190146 304.739
2.85798 -0.189939 305.283
2.85885 -0.190496 305.828
2.85972 -0.190569 306.374
2.86059 -0.190769 306.92
2.86147 -0.190943 307.467
2.86234 -0.191098 308.014
2.86321 -0.191347 308.562
2.86408 -0.191239 309.11
2.86496 -0.191421 309.658
2.86583 -0.19185 310.207
2.8667 -0.192051 310.757
2.86758 -0.191868 311.307
2.86845 -0.192398 311.857
2.86932 -0.192553 312.409
2.87019 -0.192447 312.96
2.87107 -0.192716 313.512
2.87194 -0.192794 314.064
2.87281 -0.193257 314.617
2.87368 -0.193422 315.171
2.87456 -0.193344 315.725
2.87543 -0.193494 316.279
2.8763 -0.194023 316.834
2.87717 -0.193848 317.39
2.87805 -0.194021 317.945
2.87892 -0.194552 318.502
2.87979 -0.194349 319.059
2.88067 -0.194626 319.616
2.88154 -0.194774 320.174
2.88241 -0.194955 320.732
2.88328 -0.195127 321.291
2.88416 -0.195303 321.85
2.88503 -0.195477 322.41
2.8859 -0.195651 322.97
2.88677 -0.195826 323.531
2.88765 -0.196001 324.092
2.88852 -0.196175 324.654
2.88939 -0.196348 325.216
2.89026 -0.196529 325.779
2.89114 -0.196678 326.342
2.89201 -0.196953 326.906
2.89288 -0.196751 327.47
2.89376 -0.197282 328.034
2.89463 -0.197454 328.6
2.8955 -0.19728 329.165
2.89637 -0.197808 329.731
2.89725 -0.197959 330.298
2.89812 -0.197878 330.865
2.89899 -0.198051 331.432
2.89986 -0.198487 332
2.90074 -0.198662 332.569
2.90161 -0.198575 333.138
2.90248 -0.198749 333.707
2.90335 -0.199185 334.277
2.90423 -0.19936 334.848
2.9051 -0.199273 335.419
2.90597 -0.199447 335.99
2.90685 -0.199882 336.562
2.90772 -0.200062 337.135
2.90859 -0.199955 337.708
2.90946 -0.200205 338.281
2.91034 -0.200361 338.855
2.91121 -0.200538 339.429
2.91208 -0.200715 340.004
2.91295 -0.200882 340.579
2.91383 -0.201083 341.155
2.9147 -0.201156 341.731
2.91557 -0.201713 342.308
2.91644 -0.201505 342.886
2.91732 -0.201781 343.463
2.91819 -0.201935 344.042
2.91906 -0.202088 344.62
2.91994 -0.202364 345.2
2.92081 -0.202156 345.779
2.92168 -0.202713 346.359
2.92255 -0.202786 346.94
2.92343 -0.202985 347.521
2.9243 -0.20316 348.103
2.92517 -0.20331 348.685
2.92604 -0.203584 349.268
2.92692 -0.203383 349.851
2.92779 -0.203914 350.434
2.92866 -0.204086 351.019
2.92953 -0.203912 351.603
2.93041 -0.204441 352.188
2.93128 -0.204591 352.774
2.93215 -0.20451 353.36
2.93303 -0.204684 353.946
2.9339 -0.20512 354.533
2.93477 -0.205292 355.121
2.93564 -0.205212 355.709
2.93652 -0.205363 356.297
2.93739 -0.205891 356.886
2.93826 -0.205717 357.476
2.93913 -0.205889 358.065
2.94001 -0.20642 358.656
2.94088 -0.20622 359.247
2.94175 -0.206488 359.838
2.94262 -0.206662 360.43
2.9435 -0.206743 361.022
2.94437 -0.207298 361.615
2.94524 -0.20709 362.209
2.94612 -0.207361 362.802
2.94699 -0.207534 363.397
2.94786 -0.207621 363.991
2.94873 -0.208149 364.587
2.94961 -0.208043 365.183
2.95048 -0.207937 365.779
2.95135 -0.208465 366.375
2.95222 -0.208552 366.973
2.9531 -0.208726 367.57
2.95397 -0.208996 368.169
2.95484 -0.208788 368.767
2.95571 -0.209345 369.366
2.95659 -0.209419 369.966
2.95746 -0.209619 370.566
2.95833 -0.209792 371.167
2.95921 -0.209948 371.768
2.96008 -0.210197 372.37
2.96095 -0.21009 372.972
2.96182 -0.21027 373.574
2.9627 -0.210705 374.177
2.96357 -0.210879 374.781
2.96444 -0.210792 375.385
2.96531 -0.210966 375.989
2.96619 -0.211403 376.594
2.96706 -0.211577 377.2
2.96793 -0.21149 377.806
2.9688 -0.211664 378.412
2.96968 -0.2121 379.019
2.97055 -0.212279 379.627
2.97142 -0.212172 380.235
2.9723 -0.212423 380.843
2.97317 -0.212578 381.452
2.97404 -0.21275 382.061
2.97491 -0.212951 382.671
2.97579 -0.213026 383.281
2.97666 -0.213576 383.892
2.97753 -0.213394 384.504
2.9784 -0.213569 385.115
2.97928 -0.2141 385.728
2.98015 -0.213899 386.341
2.98102 -0.214171 386.954
2.98189 -0.214326 387.568
2.98277 -0.214482 388.182
2.98364 -0.214754 388.797
2.98451 -0.214553 389.412
2.98539 -0.215084 390.027
2.98626 -0.215259 390.644
2.98713 -0.215077 391.26
2.988 -0.215626 391.877
2.98888 -0.215702 392.495
2.98975 -0.215902 393.113
2.99062 -0.216075 393.732
2.99149 -0.21623 394.351
2.99237 -0.21648 394.971
2.99324 -0.216374 395.591
2.99411 -0.216553 396.211
2.99498 -0.216988 396.832
2.99586 -0.217163 397.454
2.99673 -0.217075 398.076
2.9976 -0.21725 398.698
2.99848 -0.217687 399.321
2.99935 -0.217859 399.945
3.00022 -0.217779 400.569
3.00109 -0.217929 401.193
3.00197 -0.218458 401.818
3.00284 -0.218283 402.444
3.00371 -0.218456 403.069
3.00458 -0.218986 403.696
3.00546 -0.218786 404.323
3.00633 -0.219054 404.95
3.0072 -0.219229 405.578
3.00807 -0.219307 406.206
3.00895 -0.219865 406.835
3.00982 -0.219657 407.465
3.01069 -0.219932 408.094
3.01157 -0.220081 408.725
3.01244 -0.220262 409.355
3.01331 -0.220435 409.987
3.01418 -0.220608 410.618
3.01506 -0.22079 411.251
3.01593 -0.220938 411.883
3.0168 -0.221213 412.517
3.01767 -0.221005 413.15
3.01855 -0.221563 413.784
3.01942 -0.221636 414.419
3.02029 -0.221836 415.054
3.02116 -0.222009 415.69
3.02204 -0.222165 416.326
3.02291 -0.222414 416.963
3.02378 -0.222308 417.6
3.02466 -0.222483 418.237
3.02553 -0.222936 418.875
3.0264 -0.223041 419.514
3.02727 -0.223215 420.153
3.02815 -0.223462 420.793
3.02902 -0.223355 421.433
3.02989 -0.223535 422.073
3.03076 -0.223967 422.714
3.03164 -0.224148 423.356
3.03251 -0.224043 423.998
3.03338 -0.224285 424.64
3.03425 -0.224467 425.283
3.03513 -0.224546 425.926
3.036 -0.225095 426.57
3.03687 -0.224913 427.215
3.03775 -0.225088 427.859
3.03862 -0.225619 428.505
3.03949 -0.225416 429.151
3.04036 -0.225692 429.797
3.04124 -0.225841 430.444
3.04211 -0.226022 431.091
3.04298 -0.226194 431.739
3.04385 -0.226369 432.387
3.04473 -0.226544 433.036
3.0456 -0.226718 433.685
3.04647 -0.226893 434.335
3.04734 -0.227067 434.985
3.04822 -0.227242 435.636
3.04909 -0.227416 436.287
3.04996 -0.227591 436.939
3.05084 -0.227764 437.591
3.05171 -0.227944 438.244
3.05258 -0.228099 438.897
3.05345 -0.228348 439.551
3.05433 -0.228242 440.205
3.0552 -0.228417 440.859
3.05607 -0.22887 441.514
3.05694 -0.228975 442.17
3.05782 -0.22915 442.826
3.05869 -0.229394 443.483
3.05956 -0.229289 444.14
3.06043 -0.229469 444.797
3.06131 -0.229904 445.455
3.06218 -0.230076 446.114
3.06305 -0.229996 446.773
3.06393 -0.230146 447.432
3.0648 -0.230675 448.092
3.06567 -0.2305 448.753
3.06654 -0.230673 449.413
3.06742 -0.231204 450.075
3.06829 -0.231003 450.737
3.06916 -0.231272 451.399
3.07003 -0.231446 452.062
3.07091 -0.231527 452.725
3.07178 -0.232076 453.389
3.07265 -0.231895 454.054
3.07352 -0.232069 454.718
3.0744 -0.2326 455.384
3.07527 -0.232398 456.05
3.07614 -0.232673 456.716
3.07701 -0.232821 457.383
3.07789 -0.233002 458.05
3.07876 -0.233181 458.718
3.07963 -0.233329 459.386
3.08051 -0.233606 460.055
3.08138 -0.233403 460.724
3.08225 -0.233933 461.393
3.08312 -0.234108 462.064
3.084 -0.233927 462.734
3.08487 -0.234476 463.405
3.08574 -0.234555 464.077
3.08661 -0.234736 464.749
3.08749 -0.234979 465.422
3.08836 -0.234874 466.095
3.08923 -0.235048 466.768
3.0901 -0.235502 467.442
3.09098 -0.235607 468.117
3.09185 -0.235784 468.792
3.09272 -0.236026 469.468
3.0936 -0.235927 470.144
3.09447 -0.23608 470.82
3.09534 -0.236609 471.497
3.09621 -0.236432 472.175
3.09709 -0.236609 472.852
3.09796 -0.237133 473.531
3.09883 -0.236958 474.21
3.0997 -0.237132 474.889
3.10058 -0.237656 475.569
3.10145 -0.237482 476.25
3.10232 -0.237654 476.93
3.10319 -0.238185 477.612
3.10407 -0.237983 478.294
3.10494 -0.238258 478.976
3.10581 -0.238406 479.659
3.10669 -0.238589 480.342
3.10756 -0.238761 481.026
3.10843 -0.238935 481.71
3.1093 -0.23911 482.395
3.11018 -0.239285 483.08
3.11105 -0.239459 483.766
3.11192 -0.239633 484.452
3.11279 -0.239808 485.139
3.11367 -0.239981 485.826
3.11454 -0.240161 486.514
3.11541 -0.240316 487.202
3.11628 -0.240565 487.891
3.11716 -0.240459 488.58
3.11803 -0.240634 489.269
3.1189 -0.241087 489.959
3.11978 -0.241193 490.65
3.12065 -0.241367 491.341
3.12152 -0.241611 492.033
3.12239 -0.241506 492.725
3.12327 -0.241686 493.417
3.12414 -0.242121 494.11
3.12501 -0.242295 494.804
3.12588 -0.242208 495.498
3.12676 -0.242383 496.192
3.12763 -0.242817 496.887
3.1285 -0.242997 497.583
3.12937 -0.242892 498.279
3.13025 -0.243137 498.975
3.13112 -0.243311 499.672
3.13199 -0.243415 500.369
3.13287 -0.24387 501.067
3.13374 -0.244044 501.766
3.13461 -0.243938 502.465
3.13548 -0.244187 503.164
3.13636 -0.244343 503.864
3.13723 -0.244522 504.564
3.1381 -0.244695 505.265
3.13897 -0.244868 505.966
3.13985 -0.245051 506.668
3.14072 -0.245193 507.37
3.14159 -0.245494 508.073
