#681 0 1.360000
0.0000000000e+00 2.7399500000e+14 9.9276400000e+09
2.0000000000e-03 2.7399500000e+14 8.8222800000e+09
4.0000000000e-03 1.3171950000e+14 7.7450700000e+09
6.0000000000e-03 8.1948333333e+13 6.7241500000e+09
8.0000000000e-03 5.1858222222e+13 5.7876900000e+09
1.0000000000e-02 3.7364744444e+13 4.9638200000e+09
1.2000000000e-02 2.7566342593e+13 4.2724100000e+09
1.4000000000e-02 2.0607904762e+13 3.7001300000e+09
1.6000000000e-02 1.5526513889e+13 3.2253700000e+09
1.8000000000e-02 1.1787209877e+13 2.8265000000e+09
2.0000000000e-02 9.0690166667e+12 2.4819100000e+09
2.2000000000e-02 7.1048429293e+12 2.1733800000e+09
2.4000000000e-02 5.6612740741e+12 1.8962600000e+09
2.6000000000e-02 4.5787794872e+12 1.6493100000e+09
2.8000000000e-02 3.7434170635e+12 1.4312900000e+09
3.0000000000e-02 3.0716251852e+12 1.2409600000e+09
3.2000000000e-02 2.5184170139e+12 1.0767300000e+09
3.4000000000e-02 2.0641758170e+12 9.3575300000e+08
3.6000000000e-02 1.6918820988e+12 8.1484200000e+08
3.8000000000e-02 1.3881026316e+12 7.1081200000e+08
4.0000000000e-02 1.1420883333e+12 6.2047800000e+08
4.2000000000e-02 9.4385529101e+11 5.4103300000e+08
4.4000000000e-02 7.8384040404e+11 4.7119300000e+08
4.6000000000e-02 6.5398115942e+11 4.1005100000e+08
4.8000000000e-02 5.4755879630e+11 3.5670200000e+08
5.0000000000e-02 4.5892977778e+11 3.1023900000e+08
5.2000000000e-02 3.8453589744e+11 2.6980100000e+08
5.4000000000e-02 3.2232967078e+11 2.3470800000e+08
5.6000000000e-02 2.7037353175e+11 2.0432100000e+08
5.8000000000e-02 2.2699716475e+11 1.7800400000e+08
6.0000000000e-02 1.9075309259e+11 1.5511900000e+08
6.2000000000e-02 1.6050109319e+11 1.3509200000e+08
6.4000000000e-02 1.3530741319e+11 1.1759200000e+08
6.6000000000e-02 1.1430058923e+11 1.0234900000e+08
6.8000000000e-02 9.6711372549e+10 8.9094900000e+07
7.0000000000e-02 8.1858714286e+10 7.7559700000e+07
7.2000000000e-02 6.9279027778e+10 6.7494800000e+07
7.4000000000e-02 5.8667822823e+10 5.8732200000e+07
7.6000000000e-02 4.9724342105e+10 5.1124000000e+07
7.8000000000e-02 4.2178703704e+10 4.4522500000e+07
8.0000000000e-02 3.5788000000e+10 3.8779900000e+07
8.2000000000e-02 3.0374146341e+10 3.3761200000e+07
8.4000000000e-02 2.5804841270e+10 2.9383200000e+07
8.6000000000e-02 2.1949005168e+10 2.5575600000e+07
8.8000000000e-02 1.8687498737e+10 2.2267900000e+07
9.0000000000e-02 1.5911785185e+10 1.9389900000e+07
9.2000000000e-02 1.3546114734e+10 1.6876900000e+07
9.4000000000e-02 1.1538671395e+10 1.4687000000e+07
9.6000000000e-02 9.8366655093e+09 1.2784200000e+07
9.8000000000e-02 8.3915952381e+09 1.1132200000e+07
1.0000000000e-01 7.1588611111e+09 9.6949700000e+06
1.0200000000e-01 6.1066644880e+09 8.4394400000e+06
1.0400000000e-01 5.2124476496e+09 7.3447400000e+06
1.0600000000e-01 4.4530419287e+09 6.3930500000e+06
1.0800000000e-01 3.8069835391e+09 5.5665700000e+06
1.1000000000e-01 3.2543777778e+09 4.8474800000e+06
1.1200000000e-01 2.7812896825e+09 4.2194600000e+06
1.1400000000e-01 2.3781315789e+09 3.6720400000e+06
1.1600000000e-01 2.0348965517e+09 3.1962700000e+06
1.1800000000e-01 1.7422561205e+09 2.7831600000e+06
1.2000000000e-01 1.4915032407e+09 2.4237400000e+06
1.2200000000e-01 1.2765155738e+09 2.1098000000e+06
1.2400000000e-01 1.0930444444e+09 1.8361100000e+06
1.2600000000e-01 9.3662037037e+08 1.5982000000e+06
1.2800000000e-01 8.0305234375e+08 1.3916200000e+06
1.3000000000e-01 6.8840811966e+08 1.2118700000e+06
1.3200000000e-01 5.8994074074e+08 1.0548800000e+06
1.3400000000e-01 5.0576940299e+08 9.1803300000e+05
1.3600000000e-01 4.3389501634e+08 7.9908500000e+05
1.3800000000e-01 3.7243478261e+08 6.9580000000e+05
1.4000000000e-01 3.1961253968e+08 6.0593800000e+05
1.4200000000e-01 2.7418881064e+08 5.2744800000e+05
1.4400000000e-01 2.3531512346e+08 4.5902500000e+05
1.4600000000e-01 2.0208318113e+08 3.9954900000e+05
1.4800000000e-01 1.7363385886e+08 3.4790400000e+05
1.5000000000e-01 1.4915377778e+08 3.0297100000e+05
1.5200000000e-01 1.2807711988e+08 2.6372400000e+05
1.5400000000e-01 1.1001934343e+08 2.2951200000e+05
1.5600000000e-01 9.4565662393e+07 1.9977500000e+05
1.5800000000e-01 8.1322405063e+07 1.7395300000e+05
1.6000000000e-01 6.9915444444e+07 1.5148700000e+05
1.6200000000e-01 6.0085006859e+07 1.3186400000e+05
1.6400000000e-01 5.1654959350e+07 1.1475800000e+05
1.6600000000e-01 4.4434210174e+07 9.9889300000e+04
1.6800000000e-01 3.8240826720e+07 8.6978100000e+04
1.7000000000e-01 3.2901496732e+07 7.5745000000e+04
1.7200000000e-01 2.8296001292e+07 6.5933400000e+04
1.7400000000e-01 2.4343269476e+07 5.7380400000e+04
1.7600000000e-01 2.0954848485e+07 4.9946100000e+04
1.7800000000e-01 1.8046260924e+07 4.3490600000e+04
1.8000000000e-01 1.5536790123e+07 3.7874000000e+04
1.8200000000e-01 1.3370598291e+07 3.2968300000e+04
1.8400000000e-01 1.1510096618e+07 2.8691800000e+04
1.8600000000e-01 9.9140961768e+06 2.4974600000e+04
1.8800000000e-01 8.5431690307e+06 2.1746800000e+04
1.9000000000e-01 7.3595345029e+06 1.8938500000e+04
1.9200000000e-01 6.3371134259e+06 1.6485700000e+04
1.9400000000e-01 5.4584054983e+06 1.4347400000e+04
1.9600000000e-01 4.7041468254e+06 1.2488800000e+04
1.9800000000e-01 4.0558518519e+06 1.0874900000e+04
2.0000000000e-01 3.4957805556e+06 9.4708000000e+03
2.0200000000e-01 3.0116969197e+06 8.2443600000e+03
2.0400000000e-01 2.5954166667e+06 7.1752400000e+03
2.0600000000e-01 2.2378932039e+06 6.2459400000e+03
2.0800000000e-01 1.9304289530e+06 5.4390000000e+03
2.1000000000e-01 1.6646576720e+06 4.7369300000e+03
2.1200000000e-01 1.4348186583e+06 4.1237100000e+03
2.1400000000e-01 1.2370680166e+06 3.5891500000e+03
2.1600000000e-01 1.0671435185e+06 3.1245000000e+03
2.1800000000e-01 9.2093832824e+05 2.7210300000e+03
2.2000000000e-01 7.9449500000e+05 2.3700000000e+03
2.2200000000e-01 6.8509284284e+05 2.0633900000e+03
2.2400000000e-01 5.9092053571e+05 1.7961100000e+03
2.2600000000e-01 5.0996234022e+05 1.5637800000e+03
2.2800000000e-01 4.4027324561e+05 1.3620500000e+03
2.3000000000e-01 3.7997594203e+05 1.1865300000e+03
2.3200000000e-01 3.2778180077e+05 1.0332200000e+03
2.3400000000e-01 2.8283404558e+05 8.9958400000e+02
2.3600000000e-01 2.4417693032e+05 7.8342200000e+02
2.3800000000e-01 2.1088720822e+05 6.8255500000e+02
2.4000000000e-01 1.8207189815e+05 5.9479600000e+02
2.4200000000e-01 1.5711850321e+05 5.1814400000e+02
2.4400000000e-01 1.3562117486e+05 4.5132300000e+02
2.4600000000e-01 1.1712551942e+05 3.9324200000e+02
2.4800000000e-01 1.0119184588e+05 3.4280800000e+02
2.5000000000e-01 8.7394488889e+04 2.9892900000e+02
2.5200000000e-01 7.5441798942e+04 2.6060300000e+02
2.5400000000e-01 6.5140848644e+04 2.2719300000e+02
2.5600000000e-01 5.6275112847e+04 1.9815200000e+02
2.5800000000e-01 4.8634788975e+04 1.7293500000e+02
2.6000000000e-01 4.2016534188e+04 1.5099600000e+02
2.6200000000e-01 3.6281106870e+04 1.3183300000e+02
2.6400000000e-01 3.1336649832e+04 1.1512700000e+02
2.6600000000e-01 2.7079724311e+04 1.0060700000e+02
2.6800000000e-01 2.3410020730e+04 8.7998800000e+01
2.7000000000e-01 2.0230201646e+04 7.7029000000e+01
2.7200000000e-01 1.7473664216e+04 6.7447400000e+01
2.7400000000e-01 1.5096540957e+04 5.9094900000e+01
2.7600000000e-01 1.3049347826e+04 5.1834800000e+01
2.7800000000e-01 1.1284024780e+04 4.5530600000e+01
2.8000000000e-01 9.7538769841e+03 4.0045600000e+01
2.8200000000e-01 8.4269897557e+03 3.5254800000e+01
2.8400000000e-01 7.2823865415e+03 3.1078400000e+01
2.8600000000e-01 6.2963783994e+03 2.7448300000e+01
2.8800000000e-01 5.4459371142e+03 2.4296200000e+01
2.9000000000e-01 4.7086651341e+03 2.1553900000e+01
2.9200000000e-01 4.0692815830e+03 1.9158900000e+01
2.9400000000e-01 3.5176927438e+03 1.7071100000e+01
2.9600000000e-01 3.0423963964e+03 1.5256200000e+01
2.9800000000e-01 2.6322032066e+03 1.3680000000e+01
3.0000000000e-01 2.2762185185e+03 1.2308100000e+01
3.0200000000e-01 1.9669562178e+03 1.1109200000e+01
3.0400000000e-01 1.6997233187e+03 1.0063900000e+01
3.0600000000e-01 1.4694422658e+03 9.1557800000e+00
3.0800000000e-01 1.2711688312e+03 8.3683400000e+00
3.1000000000e-01 1.1000856631e+03 7.6851700000e+00
3.1200000000e-01 9.5308938746e+02 7.0907600000e+00
3.1400000000e-01 8.2826150035e+02 6.5732900000e+00
3.1600000000e-01 7.2325879044e+02 6.1218800000e+00
3.1800000000e-01 6.3579734451e+02 5.7256500000e+00
3.2000000000e-01 5.6364965278e+02 5.3737100000e+00
3.2200000000e-01 5.0512353347e+02 5.0560800000e+00
3.2400000000e-01 4.5848079561e+02 4.7663500000e+00
3.2600000000e-01 4.2146455351e+02 4.4990200000e+00
3.2800000000e-01 3.9187364499e+02 4.2485800000e+00
3.3000000000e-01 3.6755959596e+02 4.0095200000e+00
3.3200000000e-01 3.4687603748e+02 3.7774400000e+00
3.3400000000e-01 3.2882401863e+02 3.5523000000e+00
3.3600000000e-01 3.1258802910e+02 3.3351900000e+00
3.3800000000e-01 2.9737261670e+02 3.1271800000e+00
3.4000000000e-01 2.8240029412e+02 2.9293500000e+00
3.4200000000e-01 2.6744658869e+02 2.7424400000e+00
3.4400000000e-01 2.5278187984e+02 2.5659200000e+00
3.4600000000e-01 2.3862877328e+02 2.3989300000e+00
3.4800000000e-01 2.2520510856e+02 2.2406100000e+00
3.5000000000e-01 2.1272326984e+02 2.0900900000e+00
3.5200000000e-01 2.0123841540e+02 1.9466100000e+00
3.5400000000e-01 1.9061158192e+02 1.8097300000e+00
3.5600000000e-01 1.8066607366e+02 1.6791100000e+00
3.5800000000e-01 1.7122914339e+02 1.5544000000e+00
3.6000000000e-01 1.6213188272e+02 1.4352700000e+00
3.6200000000e-01 1.5324874156e+02 1.3214500000e+00
3.6400000000e-01 1.4453171551e+02 1.2130400000e+00
3.6600000000e-01 1.3596897389e+02 1.1102200000e+00
3.6800000000e-01 1.2754894324e+02 1.0131600000e+00
3.7000000000e-01 1.1926030030e+02 9.2205400000e-01
3.7200000000e-01 1.1113103345e+02 8.3699100000e-01
3.7400000000e-01 1.0321972668e+02 7.5776800000e-01
3.7600000000e-01 9.5576241135e+01 6.8410300000e-01
3.7800000000e-01 8.8249294533e+01 6.1571000000e-01
3.8000000000e-01 8.1286637427e+01 5.5230800000e-01
3.8200000000e-01 7.4701279814e+01 4.9362800000e-01
3.8400000000e-01 6.8463252315e+01 4.3947200000e-01
3.8600000000e-01 6.2533880253e+01 3.8965900000e-01
3.8800000000e-01 5.6875372279e+01 3.4400800000e-01
3.9000000000e-01 5.1450683761e+01 3.0233700000e-01
3.9200000000e-01 4.6230782313e+01 2.6448700000e-01
3.9400000000e-01 4.1218688663e+01 2.3038200000e-01
3.9600000000e-01 3.6441548822e+01 1.9997100000e-01
3.9800000000e-01 3.1925904523e+01 1.7320000000e-01
4.0000000000e-01 2.7697847222e+01 1.5001600000e-01
4.0200000000e-01 2.3791744057e+01 1.3030800000e-01
4.0400000000e-01 2.0242447745e+01 1.1373800000e-01
4.0600000000e-01 1.7076428571e+01 9.9908000000e-02
4.0800000000e-01 1.4319637800e+01 8.8420600000e-02
4.1000000000e-01 1.1997517615e+01 7.8878900000e-02
4.1200000000e-01 1.0111833873e+01 7.0904600000e-02
4.1400000000e-01 8.6275415996e+00 6.4193900000e-02
4.1600000000e-01 7.4966746795e+00 5.8461900000e-02
4.1800000000e-01 6.6721850080e+00 5.3423600000e-02
4.2000000000e-01 6.1079153439e+00 4.8794000000e-02
4.2200000000e-01 5.7659741969e+00 4.4322100000e-02
4.2400000000e-01 5.6158438155e+00 3.9892700000e-02
4.2600000000e-01 5.6269014085e+00 3.5424500000e-02
4.2800000000e-01 5.7691017653e+00 3.0836100000e-02
4.3000000000e-01 6.0129560724e+00 2.6046400000e-02
4.3200000000e-01 6.3426183128e+00 2.0975700000e-02
4.3400000000e-01 6.7482846902e+00 1.5551500000e-02
4.3600000000e-01 7.2130861366e+00 9.7028100000e-03
4.3800000000e-01 7.7204591578e+00 3.3587800000e-03
4.4000000000e-01 8.2541388889e+00 -3.5514800000e-03
4.4200000000e-01 8.7988134741e+00 -1.1079900000e-02
4.4400000000e-01 9.3404329329e+00 -1.9202500000e-02
4.4600000000e-01 9.8655306428e+00 -2.7876500000e-02
4.4800000000e-01 1.0360880456e+01 -3.7058800000e-02
4.5000000000e-01 1.0813496296e+01 -4.6706600000e-02
4.5200000000e-01 1.1217613078e+01 -5.6777800000e-02
4.5400000000e-01 1.1578054332e+01 -6.7234100000e-02
4.5600000000e-01 1.1903077485e+01 -7.8037800000e-02
4.5800000000e-01 1.2200793304e+01 -8.9151600000e-02
4.6000000000e-01 1.2479169082e+01 -1.0053800000e-01
4.6200000000e-01 1.2745714286e+01 -1.1216800000e-01
4.6400000000e-01 1.3006855843e+01 -1.2405400000e-01
4.6600000000e-01 1.3268283262e+01 -1.3621500000e-01
4.6800000000e-01 1.3535588794e+01 -1.4867100000e-01
4.7000000000e-01 1.3814269504e+01 -1.6144200000e-01
4.7200000000e-01 1.4106339454e+01 -1.7454800000e-01
4.7400000000e-01 1.4404219409e+01 -1.8799800000e-01
4.7600000000e-01 1.4694316060e+01 -2.0180300000e-01
4.7800000000e-01 1.4963258949e+01 -2.1597200000e-01
4.8000000000e-01 1.5197902778e+01 -2.3051600000e-01
4.8200000000e-01 1.5385926694e+01 -2.4542500000e-01
4.8400000000e-01 1.5517316345e+01 -2.6062200000e-01
4.8600000000e-01 1.5583721994e+01 -2.7601200000e-01
4.8800000000e-01 1.5576928506e+01 -2.9149700000e-01
4.9000000000e-01 1.5488854875e+01 -3.0698300000e-01
4.9200000000e-01 1.5317502258e+01 -3.2237900000e-01
4.9400000000e-01 1.5063076923e+01 -3.3761000000e-01
4.9600000000e-01 1.4722054211e+01 -3.5260600000e-01
4.9800000000e-01 1.4290961624e+01 -3.6729900000e-01
5.0000000000e-01 1.3766384444e+01 -3.8161800000e-01
5.0200000000e-01 1.3143519256e+01 -3.9548300000e-01
5.0400000000e-01 1.2416858466e+01 -4.0876900000e-01
5.0600000000e-01 1.1581657883e+01 -4.2134000000e-01
5.0800000000e-01 1.0633243657e+01 -4.3305900000e-01
5.1000000000e-01 9.5670152505e+00 -4.4379000000e-01
5.1200000000e-01 8.3820616319e+00 -4.5339900000e-01
5.1400000000e-01 7.0928052313e+00 -4.6176100000e-01
5.1600000000e-01 5.7251158484e+00 -4.6875000000e-01
5.1800000000e-01 4.3044646075e+00 -4.7424400000e-01
5.2000000000e-01 2.8559282051e+00 -4.7811700000e-01
5.2200000000e-01 1.4035555556e+00 -4.8028300000e-01
5.2400000000e-01 -3.0648006785e-02 -4.8079700000e-01
5.2600000000e-01 -1.4260299958e+00 -4.7975300000e-01
5.2800000000e-01 -2.7622529461e+00 -4.7724400000e-01
5.3000000000e-01 -4.0192863732e+00 -4.7336200000e-01
5.3200000000e-01 -5.1887245196e+00 -4.6819600000e-01
5.3400000000e-01 -6.2716779026e+00 -4.6182500000e-01
5.3600000000e-01 -7.2673631841e+00 -4.5432000000e-01
5.3800000000e-01 -8.1750103263e+00 -4.4575600000e-01
5.4000000000e-01 -8.9938600823e+00 -4.3620600000e-01
5.4200000000e-01 -9.7221730217e+00 -4.2574900000e-01
5.4400000000e-01 -1.0355371732e+01 -4.1448900000e-01
5.4600000000e-01 -1.0887075702e+01 -4.0253700000e-01
5.4800000000e-01 -1.1310997567e+01 -3.9000100000e-01
5.5000000000e-01 -1.1620943434e+01 -3.7699100000e-01
5.5200000000e-01 -1.1812632850e+01 -3.6362400000e-01
5.5400000000e-01 -1.1891393903e+01 -3.5003900000e-01
5.5600000000e-01 -1.1870181855e+01 -3.3638200000e-01
5.5800000000e-01 -1.1761768220e+01 -3.2280200000e-01
5.6000000000e-01 -1.1578738095e+01 -3.0944200000e-01
5.6200000000e-01 -1.1335316331e+01 -2.9642600000e-01
5.6400000000e-01 -1.1047809299e+01 -2.8377000000e-01
5.6600000000e-01 -1.0732771888e+01 -2.7146700000e-01
5.6800000000e-01 -1.0406519953e+01 -2.5950800000e-01
5.7000000000e-01 -1.0085142300e+01 -2.4788700000e-01
5.7200000000e-01 -9.7770163170e+00 -2.3659400000e-01
5.7400000000e-01 -9.4826771196e+00 -2.2561300000e-01
5.7600000000e-01 -9.2023919753e+00 -2.1492600000e-01
5.7800000000e-01 -8.9364282968e+00 -2.0451700000e-01
5.8000000000e-01 -8.6850459770e+00 -1.9436700000e-01
5.8200000000e-01 -8.4480412371e+00 -1.8446100000e-01
5.8400000000e-01 -8.2249657534e+00 -1.7478400000e-01
5.8600000000e-01 -8.0155953735e+00 -1.6532700000e-01
5.8800000000e-01 -7.8197071051e+00 -1.5607500000e-01
5.9000000000e-01 -7.6370809793e+00 -1.4701800000e-01
5.9200000000e-01 -7.4677552553e+00 -1.3814200000e-01
5.9400000000e-01 -7.3104021698e+00 -1.2943200000e-01
5.9600000000e-01 -7.1621010440e+00 -1.2087100000e-01
5.9800000000e-01 -7.0199739874e+00 -1.1244300000e-01
6.0000000000e-01 -6.8811796296e+00 -1.0413000000e-01
6.0200000000e-01 -6.7427057955e+00 -9.5923300000e-02
6.0400000000e-01 -6.6012214864e+00 -8.7833700000e-02
6.0600000000e-01 -6.4532893289e+00 -7.9879600000e-02
6.0800000000e-01 -6.2955190058e+00 -7.2079000000e-02
6.1000000000e-01 -6.1245628415e+00 -6.4449800000e-02
6.1200000000e-01 -5.9386855483e+00 -5.7010700000e-02
6.1400000000e-01 -5.7413897937e+00 -4.9782300000e-02
6.1600000000e-01 -5.5397691198e+00 -4.2785900000e-02
6.1800000000e-01 -5.3408288385e+00 -3.6042800000e-02
6.2000000000e-01 -5.1514838710e+00 -2.9574300000e-02
6.2200000000e-01 -4.9787031083e+00 -2.3388100000e-02
6.2400000000e-01 -4.8298539886e+00 -1.7438200000e-02
6.2600000000e-01 -4.7125452609e+00 -1.1665300000e-02
6.2800000000e-01 -4.6342869781e+00 -6.0097700000e-03
6.3000000000e-01 -4.6024973545e+00 -4.1227400000e-04
6.3200000000e-01 -4.6209511252e+00 5.1879400000e-03
6.3400000000e-01 -4.6876305643e+00 1.0856700000e-02
6.3600000000e-01 -4.7983403215e+00 1.6660900000e-02
6.3800000000e-01 -4.9489376524e+00 2.2667800000e-02
6.4000000000e-01 -5.1353315972e+00 2.8944400000e-02
6.4200000000e-01 -5.3531533403e+00 3.5549300000e-02
6.4400000000e-01 -5.5980124224e+00 4.2507500000e-02
6.4600000000e-01 -5.8658273134e+00 4.9835700000e-02
6.4800000000e-01 -6.1525634431e+00 5.7550600000e-02
6.5000000000e-01 -6.4542376068e+00 6.5668700000e-02
6.5200000000e-01 -6.7690644172e+00 7.4207700000e-02
6.5400000000e-01 -7.0930224261e+00 8.3189100000e-02
6.5600000000e-01 -7.4177625339e+00 9.2635400000e-02
6.5800000000e-01 -7.7350354610e+00 1.0256900000e-01
6.6000000000e-01 -8.0366902357e+00 1.1301300000e-01
6.6200000000e-01 -8.3144310171e+00 1.2397100000e-01
6.6400000000e-01 -8.5587215529e+00 1.3538100000e-01
6.6600000000e-01 -8.7590507174e+00 1.4716100000e-01
6.6800000000e-01 -8.9050316035e+00 1.5923100000e-01
6.7000000000e-01 -8.9864029851e+00 1.7150900000e-01
6.7200000000e-01 -8.9973048942e+00 1.8391000000e-01
6.7400000000e-01 -8.9399587867e+00 1.9633200000e-01
6.7600000000e-01 -8.8203057199e+00 2.0866600000e-01
6.7800000000e-01 -8.6442166503e+00 2.2080700000e-01
6.8000000000e-01 -8.4174918301e+00 2.3264600000e-01
6.8200000000e-01 -8.1469289671e+00 2.4409300000e-01
6.8400000000e-01 -7.8404645874e+00 2.5511500000e-01
6.8600000000e-01 -7.5061030126e+00 2.6569600000e-01
6.8800000000e-01 -7.1517522610e+00 2.7582100000e-01
6.9000000000e-01 -6.7852302738e+00 2.8547400000e-01
6.9200000000e-01 -6.4106101477e+00 2.9463800000e-01
6.9400000000e-01 -6.0287656100e+00 3.0330200000e-01
6.9600000000e-01 -5.6410536398e+00 3.1145200000e-01
6.9800000000e-01 -5.2488124801e+00 3.1907700000e-01
7.0000000000e-01 -4.8533682540e+00 3.2616500000e-01
7.0200000000e-01 -4.4558784425e+00 3.3270500000e-01
7.0400000000e-01 -4.0575394571e+00 3.3869500000e-01
7.0600000000e-01 -3.6597434687e+00 3.4413600000e-01
7.0800000000e-01 -3.2638684871e+00 3.4902800000e-01
7.1000000000e-01 -2.8712752739e+00 3.5337100000e-01
7.1200000000e-01 -2.4828292759e+00 3.5716500000e-01
7.1400000000e-01 -2.0995494865e+00 3.6041600000e-01
7.1600000000e-01 -1.7230890751e+00 3.6312800000e-01
7.1800000000e-01 -1.3550796193e+00 3.6530800000e-01
7.2000000000e-01 -9.9713618827e-01 3.6696000000e-01
7.2200000000e-01 -6.5065273930e-01 3.6809300000e-01
7.2400000000e-01 -3.1688681707e-01 3.6872600000e-01
7.2600000000e-01 2.8381542700e-03 3.6888000000e-01
7.2800000000e-01 3.0721207265e-01 3.6857900000e-01
7.3000000000e-01 5.9493828006e-01 3.6784300000e-01
7.3200000000e-01 8.6536270492e-01 3.6669600000e-01
7.3400000000e-01 1.1191039207e+00 3.6516000000e-01
7.3600000000e-01 1.3574032307e+00 3.6326100000e-01
7.3800000000e-01 1.5814930744e+00 3.6102100000e-01
7.4000000000e-01 1.7925894895e+00 3.5846600000e-01
7.4200000000e-01 1.9919749925e+00 3.5561600000e-01
7.4400000000e-01 2.1809752091e+00 3.5248100000e-01
7.4600000000e-01 2.3608757819e+00 3.4907000000e-01
7.4800000000e-01 2.5329515746e+00 3.4538800000e-01
7.5000000000e-01 2.6984622222e+00 3.4144400000e-01
7.5200000000e-01 2.8580304374e+00 3.3724400000e-01
7.5400000000e-01 3.0111125847e+00 3.3279800000e-01
7.5600000000e-01 3.1566166961e+00 3.2811100000e-01
7.5800000000e-01 3.2934667253e+00 3.2319400000e-01
7.6000000000e-01 3.4205979532e+00 3.1805200000e-01
7.6200000000e-01 3.5369787110e+00 3.1269800000e-01
7.6400000000e-01 3.6417059337e+00 3.0715000000e-01
7.6600000000e-01 3.7339802727e+00 3.0143300000e-01
7.6800000000e-01 3.8130092593e+00 2.9556800000e-01
7.7000000000e-01 3.8780129870e+00 2.8957900000e-01
7.7200000000e-01 3.9287478411e+00 2.8348800000e-01
7.7400000000e-01 3.9664369796e+00 2.7731500000e-01
7.7600000000e-01 3.9932144903e+00 2.7108100000e-01
7.7800000000e-01 4.0111925164e+00 2.6480600000e-01
7.8000000000e-01 4.0224601140e+00 2.5851000000e-01
7.8200000000e-01 4.0289940324e+00 2.5220900000e-01
7.8400000000e-01 4.0326190476e+00 2.4590300000e-01
7.8600000000e-01 4.0351046084e+00 2.3958400000e-01
7.8800000000e-01 4.0381965595e+00 2.3324800000e-01
7.9000000000e-01 4.0436286920e+00 2.2688900000e-01
7.9200000000e-01 4.0522095960e+00 2.2050200000e-01
7.9400000000e-01 4.0631514134e+00 2.1408200000e-01
7.9600000000e-01 4.0749874372e+00 2.0762400000e-01
7.9800000000e-01 4.0862684489e+00 2.0112500000e-01
8.0000000000e-01 4.0955597222e+00 1.9457900000e-01
8.0200000000e-01 4.1014768634e+00 1.8798500000e-01
8.0400000000e-01 4.1027667219e+00 1.8135600000e-01
8.0600000000e-01 4.0982616487e+00 1.7470600000e-01
8.0800000000e-01 4.0868069307e+00 1.6805100000e-01
8.1000000000e-01 4.0672578875e+00 1.6140500000e-01
8.1200000000e-01 4.0391529830e+00 1.5478400000e-01
8.1400000000e-01 4.0034602785e+00 1.4820000000e-01
8.1600000000e-01 3.9618899782e+00 1.4166800000e-01
8.1800000000e-01 3.9161342027e+00 1.3519900000e-01
8.2000000000e-01 3.8678699187e+00 1.2880600000e-01
8.2200000000e-01 3.8186820762e+00 1.2250000000e-01
8.2400000000e-01 3.7700188781e+00 1.1627400000e-01
8.2600000000e-01 3.7232620393e+00 1.1011900000e-01
8.2800000000e-01 3.6797812668e+00 1.0402700000e-01
8.3000000000e-01 3.6409330656e+00 9.7987700000e-02
8.3200000000e-01 3.6073210470e+00 9.1992400000e-02
8.3400000000e-01 3.5778830269e+00 8.6033300000e-02
8.3600000000e-01 3.5506485912e+00 8.0102800000e-02
8.3800000000e-01 3.5236648104e+00 7.4193200000e-02
8.4000000000e-01 3.4949960317e+00 6.8296800000e-02
8.4200000000e-01 3.4627751386e+00 6.2410700000e-02
8.4400000000e-01 3.4252764613e+00 5.6550200000e-02
8.4600000000e-01 3.3808628842e+00 5.0735500000e-02
8.4800000000e-01 3.3279114256e+00 4.4986500000e-02
8.5000000000e-01 3.2648169935e+00 3.9323500000e-02
8.5200000000e-01 3.1908920188e+00 3.3766100000e-02
8.5400000000e-01 3.1074993495e+00 2.8332500000e-02
8.5600000000e-01 3.0171248702e+00 2.3040500000e-02
8.5800000000e-01 2.9222351722e+00 1.7908100000e-02
8.6000000000e-01 2.8252713178e+00 1.2953000000e-02
8.6200000000e-01 2.7285782418e+00 8.1872100000e-03
8.6400000000e-01 2.6343531379e+00 3.5994100000e-03
8.6600000000e-01 2.5447138825e+00 -8.2766800000e-04
8.6800000000e-01 2.4617562724e+00 -5.1112500000e-03
8.7000000000e-01 2.3875606641e+00 -9.2685600000e-03
8.7200000000e-01 2.3230682977e+00 -1.3316500000e-02
8.7400000000e-01 2.2670048309e+00 -1.7270900000e-02
8.7600000000e-01 2.2170129376e+00 -2.1147100000e-02
8.7800000000e-01 2.1707580359e+00 -2.4960500000e-02
8.8000000000e-01 2.1259280303e+00 -2.8726700000e-02
8.8200000000e-01 2.0802859662e+00 -3.2455100000e-02
8.8400000000e-01 2.0317169432e+00 -3.6132700000e-02
8.8600000000e-01 1.9781728116e+00 -3.9740400000e-02
8.8800000000e-01 1.9176201201e+00 -4.3259100000e-02
8.9000000000e-01 1.8480436954e+00 -4.6670000000e-02
8.9200000000e-01 1.7685201794e+00 -4.9954100000e-02
8.9400000000e-01 1.6802000994e+00 -5.3093700000e-02
8.9600000000e-01 1.5852170139e+00 -5.6071100000e-02
8.9800000000e-01 1.4856851027e+00 -5.8868900000e-02
9.0000000000e-01 1.3837003704e+00 -6.1469300000e-02
9.0200000000e-01 1.2812961321e+00 -6.3860200000e-02
9.0400000000e-01 1.1804101524e+00 -6.6050500000e-02
9.0600000000e-01 1.0829307089e+00 -6.8054900000e-02
9.0800000000e-01 9.9072968674e-01 -6.9887800000e-02
9.1000000000e-01 9.0566239316e-01 -7.1563500000e-02
9.1200000000e-01 8.2859088694e-01 -7.3096300000e-02
9.1400000000e-01 7.5889800632e-01 -7.4499800000e-02
9.1600000000e-01 6.9547319262e-01 -7.5787400000e-02
9.1800000000e-01 6.3721629145e-01 -7.6972400000e-02
9.2000000000e-01 5.8303635266e-01 -7.8068200000e-02
9.2200000000e-01 5.3188467101e-01 -7.9085400000e-02
9.2400000000e-01 4.8275192400e-01 -8.0023600000e-02
9.2600000000e-01 4.3463462923e-01 -8.0879900000e-02
9.2800000000e-01 3.8653819444e-01 -8.1651100000e-02
9.3000000000e-01 3.3747646356e-01 -8.2334200000e-02
9.3200000000e-01 2.8696114688e-01 -8.2926200000e-02
9.3400000000e-01 2.3502061623e-01 -8.3423800000e-02
9.3600000000e-01 1.8170684948e-01 -8.3824000000e-02
9.3800000000e-01 1.2707149964e-01 -8.4123600000e-02
9.4000000000e-01 7.1165673759e-02 -8.4319400000e-02
9.4200000000e-01 1.4042651569e-02 -8.4408500000e-02
9.4400000000e-01 -4.4226153484e-02 -8.4388400000e-02
9.4600000000e-01 -1.0355360583e-01 -8.4256700000e-02
9.4800000000e-01 -1.6385365682e-01 -8.4011100000e-02
9.5000000000e-01 -2.2504052632e-01 -8.3649300000e-02
9.5200000000e-01 -2.8705318627e-01 -8.3169000000e-02
9.5400000000e-01 -3.4944676217e-01 -8.2568400000e-02
9.5600000000e-01 -4.1137331474e-01 -8.1845600000e-02
9.5800000000e-01 -4.7199211320e-01 -8.0998900000e-02
9.6000000000e-01 -5.3046944444e-01 -8.0026500000e-02
9.6200000000e-01 -5.8599410949e-01 -7.8928900000e-02
9.6400000000e-01 -6.3774953896e-01 -7.7716000000e-02
9.6600000000e-01 -6.8489740051e-01 -7.6400000000e-02
9.6800000000e-01 -7.2660651974e-01 -7.4993200000e-02
9.7000000000e-01 -7.6205234822e-01 -7.3507700000e-02
9.7200000000e-01 -7.9081744399e-01 -7.1956000000e-02
9.7400000000e-01 -8.1349623546e-01 -7.0351000000e-02
9.7600000000e-01 -8.3128620219e-01 -6.8706000000e-02
9.7800000000e-01 -8.4537514201e-01 -6.7034100000e-02
9.8000000000e-01 -8.5694104308e-01 -6.5348500000e-02
9.8200000000e-01 -8.6718024440e-01 -6.3659000000e-02
9.8400000000e-01 -8.7729776423e-01 -6.1960700000e-02
9.8600000000e-01 -8.8847982871e-01 -6.0245700000e-02
9.8800000000e-01 -9.0190283401e-01 -5.8505800000e-02
9.9000000000e-01 -9.1873389450e-01 -5.6732600000e-02
9.9200000000e-01 -9.3953225806e-01 -5.4918300000e-02
9.9400000000e-01 -9.6386440867e-01 -5.3054800000e-02
9.9600000000e-01 -9.9090863454e-01 -5.1134300000e-02
9.9800000000e-01 -1.0198511467e+00 -4.9148900000e-02
1.0000000000e+00 -1.0498833333e+00 -4.7090900000e-02
1.0020000000e+00 -1.0802132402e+00 -4.4954700000e-02
1.0040000000e+00 -1.1100298805e+00 -4.2744100000e-02
1.0060000000e+00 -1.1384979015e+00 -4.0465400000e-02
1.0080000000e+00 -1.1647861552e+00 -3.8124600000e-02
1.0100000000e+00 -1.1880737074e+00 -3.5728000000e-02
1.0120000000e+00 -1.2079270971e+00 -3.3282000000e-02
1.0140000000e+00 -1.2245890861e+00 -3.0793600000e-02
1.0160000000e+00 -1.2385837708e+00 -2.8270300000e-02
1.0180000000e+00 -1.2504344030e+00 -2.5719300000e-02
1.0200000000e+00 -1.2606568627e+00 -2.3148200000e-02
1.0220000000e+00 -1.2697977821e+00 -2.0562400000e-02
1.0240000000e+00 -1.2784353299e+00 -1.7960600000e-02
1.0260000000e+00 -1.2871496643e+00 -1.5339700000e-02
1.0280000000e+00 -1.2965153480e+00 -1.2696700000e-02
1.0300000000e+00 -1.3071035599e+00 -1.0028400000e-02
1.0320000000e+00 -1.3191989664e+00 -7.3316700000e-03
1.0340000000e+00 -1.3325155813e+00 -4.6032900000e-03
1.0360000000e+00 -1.3464789790e+00 -1.8399600000e-03
1.0380000000e+00 -1.3605213016e+00 9.6162600000e-04
1.0400000000e+00 -1.3740779915e+00 3.8047700000e-03
1.0420000000e+00 -1.3865834933e+00 6.6909700000e-03
1.0440000000e+00 -1.3974489144e+00 9.6145700000e-03
1.0460000000e+00 -1.4060654345e+00 1.2568100000e-02
1.0480000000e+00 -1.4118310008e+00 1.5544100000e-02
1.0500000000e+00 -1.4141460317e+00 1.8535100000e-02
1.0520000000e+00 -1.4126996198e+00 2.1533500000e-02
1.0540000000e+00 -1.4077524773e+00 2.4531100000e-02
1.0560000000e+00 -1.3998442761e+00 2.7519700000e-02
1.0580000000e+00 -1.3895127074e+00 3.0490700000e-02
1.0600000000e+00 -1.3772903564e+00 3.3436100000e-02
1.0620000000e+00 -1.3637288136e+00 3.6349100000e-02
1.0640000000e+00 -1.3493953634e+00 3.9230500000e-02
1.0660000000e+00 -1.3348530331e+00 4.2082600000e-02
1.0680000000e+00 -1.3206606325e+00 4.4908000000e-02
1.0700000000e+00 -1.3073738318e+00 4.7709100000e-02
1.0720000000e+00 -1.2952622305e+00 5.0488300000e-02
1.0740000000e+00 -1.2839757914e+00 5.3248000000e-02
1.0760000000e+00 -1.2728273441e+00 5.5990600000e-02
1.0780000000e+00 -1.2611327561e+00 5.8718400000e-02
1.0800000000e+00 -1.2482150206e+00 6.1434000000e-02
1.0820000000e+00 -1.2334041898e+00 6.4137300000e-02
1.0840000000e+00 -1.2160188602e+00 6.6820000000e-02
1.0860000000e+00 -1.1953724166e+00 6.9471100000e-02
1.0880000000e+00 -1.1707792075e+00 7.2079900000e-02
1.0900000000e+00 -1.1415616718e+00 7.4635500000e-02
1.0920000000e+00 -1.1073829874e+00 7.7127200000e-02
1.0940000000e+00 -1.0688160674e+00 7.9543600000e-02
1.0960000000e+00 -1.0270087186e+00 8.1873400000e-02
1.0980000000e+00 -9.8309815827e-01 8.4105200000e-02
1.1000000000e+00 -9.3821333333e-01 8.6227800000e-02
1.1020000000e+00 -8.9349112724e-01 8.8233400000e-02
1.1040000000e+00 -8.5008464171e-01 9.0129700000e-02
1.1060000000e+00 -8.0915491260e-01 9.1928100000e-02
1.1080000000e+00 -7.7185258724e-01 9.3639800000e-02
1.1100000000e+00 -7.3932012012e-01 9.5276200000e-02
1.1120000000e+00 -7.1212579936e-01 9.6848800000e-02
1.1140000000e+00 -6.8967095552e-01 9.8369400000e-02
1.1160000000e+00 -6.7076632816e-01 9.9849700000e-02
1.1180000000e+00 -6.5423116677e-01 1.0130200000e-01
1.1200000000e+00 -6.3889315476e-01 1.0273700000e-01
1.1220000000e+00 -6.2357516340e-01 1.0416500000e-01
1.1240000000e+00 -6.0708718861e-01 1.0557500000e-01
1.1260000000e+00 -5.8823958950e-01 1.0695700000e-01
1.1280000000e+00 -5.6585106383e-01 1.0829800000e-01
1.1300000000e+00 -5.3874877089e-01 1.0958700000e-01
1.1320000000e+00 -5.0635492737e-01 1.1081100000e-01
1.1340000000e+00 -4.6924691358e-01 1.1195700000e-01
1.1360000000e+00 -4.2856298905e-01 1.1301500000e-01
1.1380000000e+00 -3.8543331381e-01 1.1397000000e-01
1.1400000000e+00 -3.4098001949e-01 1.1481200000e-01
1.1420000000e+00 -2.9632554972e-01 1.1553000000e-01
1.1440000000e+00 -2.5259547397e-01 1.1613300000e-01
1.1460000000e+00 -2.1091047120e-01 1.1663100000e-01
1.1480000000e+00 -1.7238339141e-01 1.1703400000e-01
1.1500000000e+00 -1.3811925604e-01 1.1735400000e-01
1.1520000000e+00 -1.0865879630e-01 1.1760100000e-01
1.1540000000e+00 -8.3533766609e-02 1.1778600000e-01
1.1560000000e+00 -6.1830958958e-02 1.1792000000e-01
1.1580000000e+00 -4.2643561409e-02 1.1801400000e-01
1.1600000000e+00 -2.5070919253e-02 1.1807800000e-01
1.1620000000e+00 -8.2156241155e-03 1.1812100000e-01
1.1640000000e+00 8.8169915044e-03 1.1813700000e-01
1.1660000000e+00 2.6915895083e-02 1.1811900000e-01
1.1680000000e+00 4.6964088946e-02 1.1805900000e-01
1.1700000000e+00 6.9838328870e-02 1.1794900000e-01
1.1720000000e+00 9.5967377986e-02 1.1778100000e-01
1.1740000000e+00 1.2501301344e-01 1.1754800000e-01
1.1760000000e+00 1.5631702570e-01 1.1724200000e-01
1.1780000000e+00 1.8922576872e-01 1.1685500000e-01
1.1800000000e+00 2.2309013183e-01 1.1637900000e-01
1.1820000000e+00 2.5726471141e-01 1.1580800000e-01
1.1840000000e+00 2.9111007883e-01 1.1514700000e-01
1.1860000000e+00 3.2399287990e-01 1.1440000000e-01
1.1880000000e+00 3.5528423120e-01 1.1357500000e-01
1.1900000000e+00 3.8435929038e-01 1.1267500000e-01
1.1920000000e+00 4.1091508203e-01 1.1170900000e-01
1.1940000000e+00 4.3510273590e-01 1.1068000000e-01
1.1960000000e+00 4.5720642884e-01 1.0959500000e-01
1.1980000000e+00 4.7750843999e-01 1.0845900000e-01
1.2000000000e+00 4.9628925926e-01 1.0727900000e-01
1.2020000000e+00 5.1382547606e-01 1.0605900000e-01
1.2040000000e+00 5.3038925803e-01 1.0480000000e-01
1.2060000000e+00 5.4625013820e-01 1.0350200000e-01
1.2080000000e+00 5.6167586461e-01 1.0216500000e-01
1.2100000000e+00 5.7693250689e-01 1.0078800000e-01
1.2120000000e+00 5.9215163183e-01 9.9372500000e-02
1.2140000000e+00 6.0719604613e-01 9.7917500000e-02
1.2160000000e+00 6.2179349415e-01 9.6423400000e-02
1.2180000000e+00 6.3567369093e-01 9.4889900000e-02
1.2200000000e+00 6.4856812386e-01 9.3317200000e-02
1.2220000000e+00 6.6021085652e-01 9.1706200000e-02
1.2240000000e+00 6.7034422658e-01 9.0061800000e-02
1.2260000000e+00 6.7871823455e-01 8.8390000000e-02
1.2280000000e+00 6.8508450959e-01 8.6696600000e-02
1.2300000000e+00 6.8919647696e-01 8.4987700000e-02
1.2320000000e+00 6.9094273088e-01 8.3269100000e-02
1.2340000000e+00 6.9052476139e-01 8.1546500000e-02
1.2360000000e+00 6.8832047825e-01 7.9825500000e-02
1.2380000000e+00 6.8470534913e-01 7.8111900000e-02
1.2400000000e+00 6.8005224014e-01 7.6411300000e-02
1.2420000000e+00 6.7472615853e-01 7.4728000000e-02
1.2440000000e+00 6.6908118971e-01 7.3061200000e-02
1.2460000000e+00 6.6346673801e-01 7.1408500000e-02
1.2480000000e+00 6.5822987892e-01 6.9767700000e-02
1.2500000000e+00 6.5371573333e-01 6.8136700000e-02
1.2520000000e+00 6.5009132055e-01 6.6513000000e-02
1.2540000000e+00 6.4729939748e-01 6.4894700000e-02
1.2560000000e+00 6.4523531493e-01 6.3279500000e-02
1.2580000000e+00 6.4379517753e-01 6.1665400000e-02
1.2600000000e+00 6.4287548501e-01 6.0050100000e-02
1.2620000000e+00 6.4237603451e-01 5.8432000000e-02
1.2640000000e+00 6.4219883966e-01 5.6810600000e-02
1.2660000000e+00 6.4224574337e-01 5.5186000000e-02
1.2680000000e+00 6.4241920785e-01 5.3558300000e-02
1.2700000000e+00 6.4262230971e-01 5.1927400000e-02
1.2720000000e+00 6.4280607966e-01 5.0293500000e-02
1.2740000000e+00 6.4288383046e-01 4.8656500000e-02
1.2760000000e+00 6.4268434343e-01 4.7016500000e-02
1.2780000000e+00 6.4203755869e-01 4.5373600000e-02
1.2800000000e+00 6.4077447917e-01 4.3727900000e-02
1.2820000000e+00 6.3872802912e-01 4.2080100000e-02
1.2840000000e+00 6.3573269297e-01 4.0433400000e-02
1.2860000000e+00 6.3162363919e-01 3.8792000000e-02
1.2880000000e+00 6.2623731884e-01 3.7159600000e-02
1.2900000000e+00 6.1941111111e-01 3.5540400000e-02
1.2920000000e+00 6.1106725146e-01 3.3938300000e-02
1.2940000000e+00 6.0131701872e-01 3.2357200000e-02
1.2960000000e+00 5.9037534294e-01 3.0801200000e-02
1.2980000000e+00 5.7845574388e-01 2.9274200000e-02
1.3000000000e+00 5.6577042735e-01 2.7780200000e-02
1.3020000000e+00 5.5253055129e-01 2.6322400000e-02
1.3040000000e+00 5.3895330607e-01 2.4900700000e-02
1.3060000000e+00 5.2526135784e-01 2.3514200000e-02
1.3080000000e+00 5.1167618077e-01 2.2162000000e-02
1.3100000000e+00 4.9841789652e-01 2.0843300000e-02
1.3120000000e+00 4.8560213415e-01 1.9557000000e-02
1.3140000000e+00 4.7308802638e-01 1.8302000000e-02
1.3160000000e+00 4.6058316447e-01 1.7077200000e-02
1.3180000000e+00 4.4779683021e-01 1.5881200000e-02
1.3200000000e+00 4.3444006734e-01 1.4712900000e-02
1.3220000000e+00 4.2021877626e-01 1.3572200000e-02
1.3240000000e+00 4.0484902652e-01 1.2464000000e-02
1.3260000000e+00 3.8806385118e-01 1.1394200000e-02
1.3280000000e+00 3.6959797523e-01 1.0368900000e-02
1.3300000000e+00 3.4918755221e-01 9.3939900000e-03
1.3320000000e+00 3.2672113780e-01 8.4754600000e-03
1.3340000000e+00 3.0254447776e-01 7.6186800000e-03
1.3360000000e+00 2.7730647039e-01 6.8289100000e-03
1.3380000000e+00 2.5165238333e-01 6.1114300000e-03
1.3400000000e+00 2.2622330017e-01 5.4715100000e-03
1.3420000000e+00 2.0164166253e-01 4.9119900000e-03
1.3440000000e+00 1.7853554894e-01 4.4258800000e-03
1.3460000000e+00 1.5755390457e-01 4.0037900000e-03
1.3480000000e+00 1.3934174085e-01 3.6362800000e-03
1.3500000000e+00 1.2454041152e-01 3.3139500000e-03
1.3520000000e+00 1.1348537147e-01 3.0271700000e-03
1.3540000000e+00 1.0577252585e-01 2.7655400000e-03
1.3560000000e+00 1.0056415929e-01 2.5184600000e-03
1.3580000000e+00 9.7027655048e-02 2.2753100000e-03
1.3600000000e+00 9.4335294118e-02 2.0254900000e-03
