#680 0 1.358000
0.0000000000e+00 3.1736100000e+14 1.1498900000e+10
2.0000000000e-03 3.1736100000e+14 1.0218600000e+10
4.0000000000e-03 1.5256700000e+14 8.9708900000e+09
6.0000000000e-03 9.4918500000e+13 7.7884000000e+09
8.0000000000e-03 6.0065916667e+13 6.7037100000e+09
1.0000000000e-02 4.3278533333e+13 5.7494600000e+09
1.2000000000e-02 3.1929314815e+13 4.9486100000e+09
1.4000000000e-02 2.3869547619e+13 4.2857600000e+09
1.6000000000e-02 1.7983916667e+13 3.7358500000e+09
1.8000000000e-02 1.3652783951e+13 3.2738600000e+09
2.0000000000e-02 1.0504383333e+13 2.8747300000e+09
2.2000000000e-02 8.2293383838e+12 2.5173600000e+09
2.4000000000e-02 6.5572893519e+12 2.1963900000e+09
2.6000000000e-02 5.3034700855e+12 1.9103500000e+09
2.8000000000e-02 4.3358932540e+12 1.6578300000e+09
3.0000000000e-02 3.5577755556e+12 1.4373600000e+09
3.2000000000e-02 2.9170125000e+12 1.2471400000e+09
3.4000000000e-02 2.3908764706e+12 1.0838600000e+09
3.6000000000e-02 1.9596604938e+12 9.4380900000e+08
3.8000000000e-02 1.6078000000e+12 8.2331400000e+08
4.0000000000e-02 1.3228488889e+12 7.1868200000e+08
4.2000000000e-02 1.0932412698e+12 6.2666400000e+08
4.4000000000e-02 9.0790050505e+11 5.4577000000e+08
4.6000000000e-02 7.5748816425e+11 4.7495100000e+08
4.8000000000e-02 6.3422222222e+11 4.1315800000e+08
5.0000000000e-02 5.3156555556e+11 3.5934100000e+08
5.2000000000e-02 4.4539722222e+11 3.1250300000e+08
5.4000000000e-02 3.7334547325e+11 2.7185500000e+08
5.6000000000e-02 3.1316601190e+11 2.3665900000e+08
5.8000000000e-02 2.6292442529e+11 2.0617700000e+08
6.0000000000e-02 2.2094392593e+11 1.7967000000e+08
6.2000000000e-02 1.8590390681e+11 1.5647400000e+08
6.4000000000e-02 1.5672284722e+11 1.3620400000e+08
6.6000000000e-02 1.3239117845e+11 1.1854800000e+08
6.8000000000e-02 1.1201808824e+11 1.0319600000e+08
7.0000000000e-02 9.4814730159e+10 8.9835200000e+07
7.2000000000e-02 8.0243966049e+10 7.8177400000e+07
7.4000000000e-02 6.7953303303e+10 6.8027900000e+07
7.6000000000e-02 5.7594327485e+10 5.9215500000e+07
7.8000000000e-02 4.8854430199e+10 5.1569200000e+07
8.0000000000e-02 4.1452250000e+10 4.4917600000e+07
8.2000000000e-02 3.5181531165e+10 3.9104600000e+07
8.4000000000e-02 2.9889021164e+10 3.4033700000e+07
8.6000000000e-02 2.5422906977e+10 2.9623500000e+07
8.8000000000e-02 2.1645202020e+10 2.5792300000e+07
9.0000000000e-02 1.8430164198e+10 2.2458800000e+07
9.2000000000e-02 1.5690073671e+10 1.9548000000e+07
9.4000000000e-02 1.3364908983e+10 1.7011600000e+07
9.6000000000e-02 1.1393520833e+10 1.4807500000e+07
9.8000000000e-02 9.7197437642e+09 1.2894100000e+07
1.0000000000e-01 8.2919022222e+09 1.1229400000e+07
1.0200000000e-01 7.0731699346e+09 9.7751600000e+06
1.0400000000e-01 6.0374294872e+09 8.5072000000e+06
1.0600000000e-01 5.1578312369e+09 7.4048900000e+06
1.0800000000e-01 4.4095205761e+09 6.4476000000e+06
1.1000000000e-01 3.7694525253e+09 5.6147000000e+06
1.1200000000e-01 3.2214880952e+09 4.8872800000e+06
1.1400000000e-01 2.7545214425e+09 4.2532200000e+06
1.1600000000e-01 2.3569616858e+09 3.7021400000e+06
1.1800000000e-01 2.0180037665e+09 3.2236500000e+06
1.2000000000e-01 1.7275648148e+09 2.8073500000e+06
1.2200000000e-01 1.4785511840e+09 2.4437200000e+06
1.2400000000e-01 1.2660419355e+09 2.1267100000e+06
1.2600000000e-01 1.0848602293e+09 1.8511500000e+06
1.2800000000e-01 9.3015199653e+08 1.6118700000e+06
1.3000000000e-01 7.9736256410e+08 1.4036800000e+06
1.3200000000e-01 6.8331102694e+08 1.2218400000e+06
1.3400000000e-01 5.8581766169e+08 1.0633300000e+06
1.3600000000e-01 5.0256830065e+08 9.2555500000e+05
1.3800000000e-01 4.3138051530e+08 8.0592300000e+05
1.4000000000e-01 3.7019801587e+08 7.0183900000e+05
1.4200000000e-01 3.1758505477e+08 6.1092600000e+05
1.4400000000e-01 2.7255887346e+08 5.3167300000e+05
1.4600000000e-01 2.3406727549e+08 4.6278400000e+05
1.4800000000e-01 2.0111524024e+08 4.0296500000e+05
1.5000000000e-01 1.7276059259e+08 3.5092000000e+05
1.5200000000e-01 1.4834817251e+08 3.0546200000e+05
1.5400000000e-01 1.2743239538e+08 2.6583500000e+05
1.5600000000e-01 1.0953288462e+08 2.3139100000e+05
1.5800000000e-01 9.4193565401e+07 2.0148200000e+05
1.6000000000e-01 8.0981166667e+07 1.7546000000e+05
1.6200000000e-01 6.9594794239e+07 1.5273200000e+05
1.6400000000e-01 5.9830487805e+07 1.3291800000e+05
1.6600000000e-01 5.1466887550e+07 1.1569600000e+05
1.6800000000e-01 4.4293320106e+07 1.0074200000e+05
1.7000000000e-01 3.8108875817e+07 8.7730600000e+04
1.7200000000e-01 3.2774463824e+07 7.6366100000e+04
1.7400000000e-01 2.8196123883e+07 6.6459400000e+04
1.7600000000e-01 2.4271414141e+07 5.7848400000e+04
1.7800000000e-01 2.0902484395e+07 5.0371200000e+04
1.8000000000e-01 1.7995833333e+07 4.3865700000e+04
1.8200000000e-01 1.5486788767e+07 3.8183500000e+04
1.8400000000e-01 1.3331823671e+07 3.3230200000e+04
1.8600000000e-01 1.1483219833e+07 2.8924700000e+04
1.8800000000e-01 9.8953132388e+06 2.5186000000e+04
1.9000000000e-01 8.5243438596e+06 2.1933300000e+04
1.9200000000e-01 7.3401024306e+06 1.9092200000e+04
1.9400000000e-01 6.3223144330e+06 1.6615500000e+04
1.9600000000e-01 5.4486751701e+06 1.4462700000e+04
1.9800000000e-01 4.6977749719e+06 1.2593400000e+04
2.0000000000e-01 4.0490611111e+06 1.0967000000e+04
2.0200000000e-01 3.4883608361e+06 9.5465000000e+03
2.0400000000e-01 3.0061966231e+06 8.3081600000e+03
2.0600000000e-01 2.5920889968e+06 7.2317800000e+03
2.0800000000e-01 2.2359620726e+06 6.2971200000e+03
2.1000000000e-01 1.9281264550e+06 5.4839400000e+03
2.1200000000e-01 1.6619103774e+06 4.7736600000e+03
2.1400000000e-01 1.4328618899e+06 4.1544900000e+03
2.1600000000e-01 1.2360432099e+06 3.6163000000e+03
2.1800000000e-01 1.0666977574e+06 3.1489700000e+03
2.2000000000e-01 9.2024242424e+05 2.7423800000e+03
2.2200000000e-01 7.9352502503e+05 2.3872400000e+03
2.2400000000e-01 6.8444756944e+05 2.0776600000e+03
2.2600000000e-01 5.9067566372e+05 1.8085700000e+03
2.2800000000e-01 5.0995677388e+05 1.5749000000e+03
2.3000000000e-01 4.4011623188e+05 1.3716000000e+03
2.3200000000e-01 3.7966072797e+05 1.1940400000e+03
2.3400000000e-01 3.2759886040e+05 1.0392400000e+03
2.3600000000e-01 2.8282354049e+05 9.0469700000e+02
2.3800000000e-01 2.4426479925e+05 7.8786400000e+02
2.4000000000e-01 2.1088879630e+05 6.8621600000e+02
2.4200000000e-01 1.8198599633e+05 5.9743200000e+02
2.4400000000e-01 1.5708620219e+05 5.2003500000e+02
2.4600000000e-01 1.3566318880e+05 4.5276200000e+02
2.4800000000e-01 1.1720766129e+05 3.9434600000e+02
2.5000000000e-01 1.0122662222e+05 3.4352200000e+02
2.5200000000e-01 8.7382231041e+04 2.9913000000e+02
2.5400000000e-01 7.5450962380e+04 2.6043200000e+02
2.5600000000e-01 6.5182061632e+04 2.2679500000e+02
2.5800000000e-01 5.6332523686e+04 1.9758700000e+02
2.6000000000e-01 4.8666743590e+04 1.7217500000e+02
2.6200000000e-01 4.2023477523e+04 1.4997800000e+02
2.6400000000e-01 3.6296279461e+04 1.3062900000e+02
2.6600000000e-01 3.1365463659e+04 1.1381100000e+02
2.6800000000e-01 2.7114888060e+04 9.9206600000e+01
2.7000000000e-01 2.3431884774e+04 8.6500900000e+01
2.7200000000e-01 2.0239411765e+04 7.5403600000e+01
2.7400000000e-01 1.7486549067e+04 6.5729700000e+01
2.7600000000e-01 1.5115744767e+04 5.7320900000e+01
2.7800000000e-01 1.3071099121e+04 5.0018500000e+01
2.8000000000e-01 1.1298313492e+04 4.3664200000e+01
2.8200000000e-01 9.7601654846e+03 3.8112700000e+01
2.8400000000e-01 8.4326408451e+03 3.3273000000e+01
2.8600000000e-01 7.2891375291e+03 2.9067100000e+01
2.8800000000e-01 6.3038032407e+03 2.5417300000e+01
2.9000000000e-01 5.4514938697e+03 2.2245800000e+01
2.9200000000e-01 4.7154280822e+03 1.9480300000e+01
2.9400000000e-01 4.0829006047e+03 1.7071000000e+01
2.9600000000e-01 3.5375593093e+03 1.4973500000e+01
2.9800000000e-01 3.0634944072e+03 1.3143500000e+01
3.0000000000e-01 2.6452133333e+03 1.1536600000e+01
3.0200000000e-01 2.2707170714e+03 1.0115500000e+01
3.0400000000e-01 1.9344663743e+03 8.8714000000e+00
3.0600000000e-01 1.6341332607e+03 7.8023400000e+00
3.0800000000e-01 1.3674545455e+03 6.9064900000e+00
3.1000000000e-01 1.1322229391e+03 6.1819800000e+00
3.1200000000e-01 9.3007086895e+02 5.6213400000e+00
3.1400000000e-01 7.6277140835e+02 5.1945300000e+00
3.1600000000e-01 6.2849964838e+02 4.8658900000e+00
3.1800000000e-01 5.2547658980e+02 4.5997600000e+00
3.2000000000e-01 4.5196770833e+02 4.3604700000e+00
3.2200000000e-01 4.0336507937e+02 4.1191000000e+00
3.2400000000e-01 3.7282784636e+02 3.8736700000e+00
3.2600000000e-01 3.5423132243e+02 3.6289400000e+00
3.2800000000e-01 3.4159993225e+02 3.3896800000e+00
3.3000000000e-01 3.2910306397e+02 3.1606300000e+00
3.3200000000e-01 3.1443246319e+02 2.9454900000e+00
3.3400000000e-01 2.9852488357e+02 2.7436500000e+00
3.3600000000e-01 2.8212321429e+02 2.5534500000e+00
3.3800000000e-01 2.6595276134e+02 2.3732000000e+00
3.4000000000e-01 2.5072245098e+02 2.2012500000e+00
3.4200000000e-01 2.3660149448e+02 2.0362500000e+00
3.4400000000e-01 2.2332600129e+02 1.8782700000e+00
3.4600000000e-01 2.1072800257e+02 1.7277100000e+00
3.4800000000e-01 1.9864326309e+02 1.5849500000e+00
3.5000000000e-01 1.8691130159e+02 1.4504100000e+00
3.5200000000e-01 1.7553873106e+02 1.3242800000e+00
3.5400000000e-01 1.6463647207e+02 1.2060500000e+00
3.5600000000e-01 1.5425524345e+02 1.0950000000e+00
3.5800000000e-01 1.4444456859e+02 9.9039900000e-01
3.6000000000e-01 1.3525296296e+02 8.9154200000e-01
3.6200000000e-01 1.2664220381e+02 7.9783300000e-01
3.6400000000e-01 1.1850604396e+02 7.0917000000e-01
3.6600000000e-01 1.1075673953e+02 6.2557800000e-01
3.6800000000e-01 1.0330845411e+02 5.4707800000e-01
3.7000000000e-01 9.6077177177e+01 4.7369400000e-01
3.7200000000e-01 8.9035961768e+01 4.0541300000e-01
3.7400000000e-01 8.2215626857e+01 3.4208000000e-01
3.7600000000e-01 7.5648640662e+01 2.8350700000e-01
3.7800000000e-01 6.9366754850e+01 2.2950100000e-01
3.8000000000e-01 6.3401052632e+01 1.7987500000e-01
3.8200000000e-01 5.7766492147e+01 1.3443200000e-01
3.8400000000e-01 5.2451157407e+01 9.2956700000e-02
3.8600000000e-01 4.7432268279e+01 5.5229300000e-02
3.8800000000e-01 4.2687542955e+01 2.1028900000e-02
3.9000000000e-01 3.8195128205e+01 -9.8650800000e-03
3.9200000000e-01 3.3931476757e+01 -3.7647300000e-02
3.9400000000e-01 2.9884568528e+01 -6.2409900000e-02
3.9600000000e-01 2.6055782828e+01 -8.4219100000e-02
3.9800000000e-01 2.2446501954e+01 -1.0314100000e-01
4.0000000000e-01 1.9058052778e+01 -1.1924200000e-01
4.0200000000e-01 1.5902404643e+01 -1.3262000000e-01
4.0400000000e-01 1.2997772277e+01 -1.4349800000e-01
4.0600000000e-01 1.0357872469e+01 -1.5212800000e-01
4.0800000000e-01 7.9961827342e+00 -1.5876500000e-01
4.1000000000e-01 5.9259029810e+00 -1.6366300000e-01
4.1200000000e-01 4.1473338727e+00 -1.6706600000e-01
4.1400000000e-01 2.6417246377e+00 -1.6917800000e-01
4.1600000000e-01 1.3842518697e+00 -1.7019100000e-01
4.1800000000e-01 3.5056858054e-01 -1.7030100000e-01
4.2000000000e-01 -4.8321190476e-01 -1.6970000000e-01
4.2200000000e-01 -1.1365642443e+00 -1.6856700000e-01
4.2400000000e-01 -1.6244253145e+00 -1.6701400000e-01
4.2600000000e-01 -1.9612321335e+00 -1.6514000000e-01
4.2800000000e-01 -2.1611461578e+00 -1.6304200000e-01
4.3000000000e-01 -2.2380671835e+00 -1.6081800000e-01
4.3200000000e-01 -2.1994452160e+00 -1.5856500000e-01
4.3400000000e-01 -2.0531175115e+00 -1.5638300000e-01
4.3600000000e-01 -1.8134360856e+00 -1.5437500000e-01
4.3800000000e-01 -1.4944873668e+00 -1.5264000000e-01
4.4000000000e-01 -1.1101035859e+00 -1.5127900000e-01
4.4200000000e-01 -6.7409004525e-01 -1.5037700000e-01
4.4400000000e-01 -2.0042597598e-01 -1.4994700000e-01
4.4600000000e-01 2.9694813154e-01 -1.4998600000e-01
4.4800000000e-01 8.0434097222e-01 -1.5049000000e-01
4.5000000000e-01 1.3083021728e+00 -1.5145500000e-01
4.5200000000e-01 1.8020464110e+00 -1.5287800000e-01
4.5400000000e-01 2.2865543319e+00 -1.5475100000e-01
4.5600000000e-01 2.7640367934e+00 -1.5706900000e-01
4.5800000000e-01 3.2366686075e+00 -1.5982500000e-01
4.6000000000e-01 3.7065840580e+00 -1.6301100000e-01
4.6200000000e-01 4.1760822511e+00 -1.6662300000e-01
4.6400000000e-01 4.6472054598e+00 -1.7067400000e-01
4.6600000000e-01 5.1215450644e+00 -1.7517500000e-01
4.6800000000e-01 5.6006671415e+00 -1.8014000000e-01
4.7000000000e-01 6.0861063830e+00 -1.8558400000e-01
4.7200000000e-01 6.5781661959e+00 -1.9151800000e-01
4.7400000000e-01 7.0690998594e+00 -1.9795000000e-01
4.7600000000e-01 7.5444677871e+00 -2.0488800000e-01
4.7800000000e-01 7.9900790330e+00 -2.1233700000e-01
4.8000000000e-01 8.3919768519e+00 -2.2030400000e-01
4.8200000000e-01 8.7368372522e+00 -2.2877700000e-01
4.8400000000e-01 9.0131267218e+00 -2.3766500000e-01
4.8600000000e-01 9.2106652949e+00 -2.4685700000e-01
4.8800000000e-01 9.3194376138e+00 -2.5624400000e-01
4.9000000000e-01 9.3295963719e+00 -2.6571500000e-01
4.9200000000e-01 9.2380465221e+00 -2.7516400000e-01
4.9400000000e-01 9.0498065677e+00 -2.8449600000e-01
4.9600000000e-01 8.7712903226e+00 -2.9362300000e-01
4.9800000000e-01 8.4088152610e+00 -3.0245500000e-01
5.0000000000e-01 7.9685955556e+00 -3.1090100000e-01
5.0200000000e-01 7.4556175299e+00 -3.1887700000e-01
5.0400000000e-01 6.8735273369e+00 -3.2631400000e-01
5.0600000000e-01 6.2257641634e+00 -3.3315000000e-01
5.0800000000e-01 5.5157152231e+00 -3.3932100000e-01
5.1000000000e-01 4.7467126362e+00 -3.4476300000e-01
5.1200000000e-01 3.9205989583e+00 -3.4941300000e-01
5.1400000000e-01 3.0430520968e+00 -3.5320600000e-01
5.1600000000e-01 2.1249291559e+00 -3.5607500000e-01
5.1800000000e-01 1.1769221364e+00 -3.5795500000e-01
5.2000000000e-01 2.0956004274e-01 -3.5877900000e-01
5.2200000000e-01 -7.6665368242e-01 -3.5849800000e-01
5.2400000000e-01 -1.7418848601e+00 -3.5712800000e-01
5.2600000000e-01 -2.7071058302e+00 -3.5470000000e-01
5.2800000000e-01 -3.6534196128e+00 -3.5124700000e-01
5.3000000000e-01 -4.5720668763e+00 -3.4680100000e-01
5.3200000000e-01 -5.4595317460e+00 -3.4139100000e-01
5.3400000000e-01 -6.3137536413e+00 -3.3503900000e-01
5.3600000000e-01 -7.1290194859e+00 -3.2776600000e-01
5.3800000000e-01 -7.8997005370e+00 -3.1958900000e-01
5.4000000000e-01 -8.6202551440e+00 -3.1053000000e-01
5.4200000000e-01 -9.2845899959e+00 -3.0062000000e-01
5.4400000000e-01 -9.8846241830e+00 -2.8993800000e-01
5.4600000000e-01 -1.0410962556e+01 -2.7857300000e-01
5.4800000000e-01 -1.0854343066e+01 -2.6661800000e-01
5.5000000000e-01 -1.1205638384e+01 -2.5416200000e-01
5.5200000000e-01 -1.1459428341e+01 -2.4130100000e-01
5.5400000000e-01 -1.1618786602e+01 -2.2815000000e-01
5.5600000000e-01 -1.1691578737e+01 -2.1482700000e-01
5.5800000000e-01 -1.1685553564e+01 -2.0145100000e-01
5.6000000000e-01 -1.1608353175e+01 -1.8814200000e-01
5.6200000000e-01 -1.1468908660e+01 -1.7500200000e-01
5.6400000000e-01 -1.1277362096e+01 -1.6206900000e-01
5.6600000000e-01 -1.1043655281e+01 -1.4936600000e-01
5.6800000000e-01 -1.0777595853e+01 -1.3691400000e-01
5.7000000000e-01 -1.0488846004e+01 -1.2473700000e-01
5.7200000000e-01 -1.0182235820e+01 -1.1285600000e-01
5.7400000000e-01 -9.8595818815e+00 -1.0129400000e-01
5.7600000000e-01 -9.5244097222e+00 -9.0075000000e-02
5.7800000000e-01 -9.1801941561e+00 -7.9222200000e-02
5.8000000000e-01 -8.8303639847e+00 -6.8758700000e-02
5.8200000000e-01 -8.4783505155e+00 -5.8701900000e-02
5.8400000000e-01 -8.1278691020e+00 -4.9045200000e-02
5.8600000000e-01 -7.7828517254e+00 -3.9775800000e-02
5.8800000000e-01 -7.4471844293e+00 -3.0881300000e-02
5.9000000000e-01 -7.1246949153e+00 -2.2349000000e-02
5.9200000000e-01 -6.8174756006e+00 -1.4165200000e-02
5.9400000000e-01 -6.5251402918e+00 -6.3126100000e-03
5.9600000000e-01 -6.2465417599e+00 1.2271800000e-03
5.9800000000e-01 -5.9805499814e+00 8.4725400000e-03
6.0000000000e-01 -5.7260481481e+00 1.5441900000e-02
6.0200000000e-01 -5.4816685124e+00 2.2150800000e-02
6.0400000000e-01 -5.2458646063e+00 2.8603900000e-02
6.0600000000e-01 -5.0171708838e+00 3.4803300000e-02
6.0800000000e-01 -4.7941447368e+00 4.0750700000e-02
6.1000000000e-01 -4.5753606557e+00 4.6448200000e-02
6.1200000000e-01 -4.3601579521e+00 5.1897900000e-02
6.1400000000e-01 -4.1496615997e+00 5.7102900000e-02
6.1600000000e-01 -3.9460046898e+00 6.2066600000e-02
6.1800000000e-01 -3.7512980942e+00 6.6792200000e-02
6.2000000000e-01 -3.5676254480e+00 7.1283200000e-02
6.2200000000e-01 -3.3969757056e+00 7.5546600000e-02
6.2400000000e-01 -3.2413603989e+00 7.9604900000e-02
6.2600000000e-01 -3.1028718495e+00 8.3484000000e-02
6.2800000000e-01 -2.9835739561e+00 8.7210200000e-02
6.3000000000e-01 -2.8855061728e+00 9.0809500000e-02
6.3200000000e-01 -2.8096782700e+00 9.4308600000e-02
6.3400000000e-01 -2.7550227830e+00 9.7735500000e-02
6.3600000000e-01 -2.7194147449e+00 1.0111900000e-01
6.3800000000e-01 -2.7007575758e+00 1.0448700000e-01
6.4000000000e-01 -2.6969826389e+00 1.0786800000e-01
6.4200000000e-01 -2.7059397715e+00 1.1128800000e-01
6.4400000000e-01 -2.7254209800e+00 1.1475300000e-01
6.4600000000e-01 -2.7532628139e+00 1.1826900000e-01
6.4800000000e-01 -2.7873285322e+00 1.2183900000e-01
6.5000000000e-01 -2.8255076923e+00 1.2546700000e-01
6.5200000000e-01 -2.8667552829e+00 1.2915800000e-01
6.5400000000e-01 -2.9097893306e+00 1.3291600000e-01
6.5600000000e-01 -2.9520545393e+00 1.3674500000e-01
6.5800000000e-01 -2.9910317460e+00 1.4065000000e-01
6.6000000000e-01 -3.0242289562e+00 1.4463600000e-01
6.6200000000e-01 -3.0491691843e+00 1.4870200000e-01
6.6400000000e-01 -3.0632864793e+00 1.5282600000e-01
6.6600000000e-01 -3.0639489489e+00 1.5698500000e-01
6.6800000000e-01 -3.0485528942e+00 1.6115000000e-01
6.7000000000e-01 -3.0145273632e+00 1.6529800000e-01
6.7200000000e-01 -2.9605853175e+00 1.6940100000e-01
6.7400000000e-01 -2.8874925816e+00 1.7343100000e-01
6.7600000000e-01 -2.7967817226e+00 1.7736100000e-01
6.7800000000e-01 -2.6899721403e+00 1.8116100000e-01
6.8000000000e-01 -2.5685604575e+00 1.8480500000e-01
6.8200000000e-01 -2.4341283806e+00 1.8826700000e-01
6.8400000000e-01 -2.2883495776e+00 1.9153300000e-01
6.8600000000e-01 -2.1328992549e+00 1.9459700000e-01
6.8800000000e-01 -1.9694334625e+00 1.9744600000e-01
6.9000000000e-01 -1.7995880837e+00 2.0007400000e-01
6.9200000000e-01 -1.6242161207e+00 2.0247000000e-01
6.9400000000e-01 -1.4441440922e+00 2.0462600000e-01
6.9600000000e-01 -1.2609275223e+00 2.0653300000e-01
6.9800000000e-01 -1.0761056988e+00 2.0818200000e-01
7.0000000000e-01 -8.9119857143e-01 2.0956400000e-01
7.0200000000e-01 -7.0769310225e-01 2.1067400000e-01
7.0400000000e-01 -5.2707307765e-01 2.1151900000e-01
7.0600000000e-01 -3.5083758577e-01 2.1210700000e-01
7.0800000000e-01 -1.8047002825e-01 2.1244900000e-01
7.1000000000e-01 -1.7436466354e-02 2.1255500000e-01
7.1200000000e-01 1.3753666979e-01 2.1243400000e-01
7.1400000000e-01 2.8452442888e-01 2.1209800000e-01
7.1600000000e-01 4.2367209497e-01 2.1155500000e-01
7.1800000000e-01 5.5512333333e-01 2.1081800000e-01
7.2000000000e-01 6.7902037037e-01 2.0989700000e-01
7.2200000000e-01 7.9553570329e-01 2.0880100000e-01
7.2400000000e-01 9.0487430939e-01 2.0754100000e-01
7.2600000000e-01 1.0072427303e+00 2.0612400000e-01
7.2800000000e-01 1.1028440171e+00 2.0456000000e-01
7.3000000000e-01 1.1918791476e+00 2.0285800000e-01
7.3200000000e-01 1.2744782939e+00 2.0102500000e-01
7.3400000000e-01 1.3510566152e+00 1.9907100000e-01
7.3600000000e-01 1.4223808877e+00 1.9700400000e-01
7.3800000000e-01 1.4892095754e+00 1.9483400000e-01
7.4000000000e-01 1.5522944444e+00 1.9256800000e-01
7.4200000000e-01 1.6123749626e+00 1.9021400000e-01
7.4400000000e-01 1.6701672640e+00 1.8777300000e-01
7.4600000000e-01 1.7263732499e+00 1.8524300000e-01
7.4800000000e-01 1.7816859774e+00 1.8262500000e-01
7.5000000000e-01 1.8367896296e+00 1.7991700000e-01
7.5200000000e-01 1.8920124113e+00 1.7711800000e-01
7.5400000000e-01 1.9469422340e+00 1.7422900000e-01
7.5600000000e-01 2.0007774838e+00 1.7124800000e-01
7.5800000000e-01 2.0527264732e+00 1.6817600000e-01
7.6000000000e-01 2.1020043860e+00 1.6501100000e-01
7.6200000000e-01 2.1478492272e+00 1.6175500000e-01
7.6400000000e-01 2.1895375218e+00 1.5841700000e-01
7.6600000000e-01 2.2263809109e+00 1.5500500000e-01
7.6800000000e-01 2.2576996528e+00 1.5153200000e-01
7.7000000000e-01 2.2828196248e+00 1.4800700000e-01
7.7200000000e-01 2.3014565343e+00 1.4443900000e-01
7.7400000000e-01 2.3140884295e+00 1.4083900000e-01
7.7600000000e-01 2.3215592784e+00 1.3721500000e-01
7.7800000000e-01 2.3247086547e+00 1.3357800000e-01
7.8000000000e-01 2.3243618234e+00 1.2993700000e-01
7.8200000000e-01 2.3213157147e+00 1.2630000000e-01
7.8400000000e-01 2.3163265306e+00 1.2266600000e-01
7.8600000000e-01 2.3101342946e+00 1.1903600000e-01
7.8800000000e-01 2.3034757473e+00 1.1540800000e-01
7.9000000000e-01 2.2970787623e+00 1.1178200000e-01
7.9200000000e-01 2.2912948934e+00 1.0815500000e-01
7.9400000000e-01 2.2860215505e+00 1.0452800000e-01
7.9600000000e-01 2.2810692351e+00 1.0090000000e-01
7.9800000000e-01 2.2762545252e+00 9.7269500000e-02
8.0000000000e-01 2.2713916667e+00 9.3635800000e-02
8.0200000000e-01 2.2663036852e+00 8.9998500000e-02
8.0400000000e-01 2.2608264234e+00 8.6358900000e-02
8.0600000000e-01 2.2548001103e+00 8.2718700000e-02
8.0800000000e-01 2.2480651815e+00 7.9079400000e-02
8.1000000000e-01 2.2404663923e+00 7.5442800000e-02
8.1200000000e-01 2.2319348659e+00 7.1810300000e-02
8.1400000000e-01 2.2224651925e+00 6.8183700000e-02
8.1600000000e-01 2.2120356754e+00 6.4564300000e-02
8.1800000000e-01 2.2006234719e+00 6.0953700000e-02
8.2000000000e-01 2.1882059621e+00 5.7353400000e-02
8.2200000000e-01 2.1747593944e+00 5.3765000000e-02
8.2400000000e-01 2.1602548544e+00 5.0190500000e-02
8.2600000000e-01 2.1446650525e+00 4.6632000000e-02
8.2800000000e-01 2.1279643049e+00 4.3091500000e-02
8.3000000000e-01 2.1101244980e+00 3.9571200000e-02
8.3200000000e-01 2.0911404915e+00 3.6073000000e-02
8.3400000000e-01 2.0709872102e+00 3.2599000000e-02
8.3600000000e-01 2.0496092504e+00 2.9151200000e-02
8.3800000000e-01 2.0269517369e+00 2.5731600000e-02
8.4000000000e-01 2.0029589947e+00 2.2342400000e-02
8.4200000000e-01 1.9775758775e+00 1.8985700000e-02
8.4400000000e-01 1.9507596103e+00 1.5664300000e-02
8.4600000000e-01 1.9224757027e+00 1.2381300000e-02
8.4800000000e-01 1.8926939203e+00 9.1397200000e-03
8.5000000000e-01 1.8613816993e+00 5.9426100000e-03
8.5200000000e-01 1.8285406886e+00 2.7929400000e-03
8.5400000000e-01 1.7942076503e+00 -3.0655700000e-04
8.5600000000e-01 1.7584203011e+00 -3.3532100000e-03
8.5800000000e-01 1.7212173012e+00 -6.3443300000e-03
8.6000000000e-01 1.6826356589e+00 -9.2772600000e-03
8.6200000000e-01 1.6427004383e+00 -1.2149300000e-02
8.6400000000e-01 1.6014429012e+00 -1.4957900000e-02
8.6600000000e-01 1.5589068514e+00 -1.7700400000e-02
8.6800000000e-01 1.5151369688e+00 -2.0374200000e-02
8.7000000000e-01 1.4701775223e+00 -2.2976700000e-02
8.7200000000e-01 1.4240685525e+00 -2.5505400000e-02
8.7400000000e-01 1.3768548182e+00 -2.7958000000e-02
8.7600000000e-01 1.3285824455e+00 -3.0332600000e-02
8.7800000000e-01 1.2792991648e+00 -3.2626800000e-02
8.8000000000e-01 1.2290512626e+00 -3.4838700000e-02
8.8200000000e-01 1.1778693626e+00 -3.6966000000e-02
8.8400000000e-01 1.1257907240e+00 -3.9006900000e-02
8.8600000000e-01 1.0728744670e+00 -4.0959400000e-02
8.8800000000e-01 1.0191790541e+00 -4.2821400000e-02
8.9000000000e-01 9.6476367041e-01 -4.4590900000e-02
8.9200000000e-01 9.0968086697e-01 -4.6266200000e-02
8.9400000000e-01 8.5405381556e-01 -4.7845800000e-02
8.9600000000e-01 7.9808072917e-01 -4.9328500000e-02
8.9800000000e-01 7.4195756001e-01 -5.0713000000e-02
9.0000000000e-01 6.8587876543e-01 -5.1997900000e-02
9.0200000000e-01 6.3001564425e-01 -5.3182500000e-02
9.0400000000e-01 5.7451216814e-01 -5.4267500000e-02
9.0600000000e-01 5.1950735835e-01 -5.5254000000e-02
9.0800000000e-01 4.6513925600e-01 -5.6143200000e-02
9.1000000000e-01 4.1154432234e-01 -5.6936200000e-02
9.1200000000e-01 3.5878399123e-01 -5.7634300000e-02
9.1400000000e-01 3.0685365913e-01 -5.8238400000e-02
9.1600000000e-01 2.5575744784e-01 -5.8749500000e-02
9.1800000000e-01 2.0549930767e-01 -5.9168800000e-02
9.2000000000e-01 1.5608304106e-01 -5.9497100000e-02
9.2200000000e-01 1.0751639913e-01 -5.9735700000e-02
9.2400000000e-01 5.9797748918e-02 -5.9885800000e-02
9.2600000000e-01 1.2912176626e-02 -5.9948600000e-02
9.2800000000e-01 -3.3154803640e-02 -5.9925600000e-02
9.3000000000e-01 -7.8417672640e-02 -5.9817900000e-02
9.3200000000e-01 -1.2289915594e-01 -5.9626900000e-02
9.3400000000e-01 -1.6652597192e-01 -5.9353500000e-02
9.3600000000e-01 -2.0912181861e-01 -5.8998600000e-02
9.3800000000e-01 -2.5051190476e-01 -5.8563000000e-02
9.4000000000e-01 -2.9052269504e-01 -5.8047700000e-02
9.4200000000e-01 -3.2896956829e-01 -5.7454000000e-02
9.4400000000e-01 -3.6567537665e-01 -5.6785900000e-02
9.4600000000e-01 -4.0048343904e-01 -5.6047500000e-02
9.4800000000e-01 -4.3323816221e-01 -5.5243500000e-02
9.5000000000e-01 -4.6378549708e-01 -5.4378000000e-02
9.5200000000e-01 -4.9207481326e-01 -5.3455400000e-02
9.5400000000e-01 -5.1824726299e-01 -5.2479500000e-02
9.5600000000e-01 -5.4253254300e-01 -5.1454100000e-02
9.5800000000e-01 -5.6515854790e-01 -5.0382900000e-02
9.6000000000e-01 -5.8635104167e-01 -4.9269600000e-02
9.6200000000e-01 -6.0631554632e-01 -4.8117400000e-02
9.6400000000e-01 -6.2524423698e-01 -4.6927500000e-02
9.6600000000e-01 -6.4333436853e-01 -4.5700600000e-02
9.6800000000e-01 -6.6078145087e-01 -4.4437300000e-02
9.7000000000e-01 -6.7777949599e-01 -4.3138300000e-02
9.7200000000e-01 -6.9443278464e-01 -4.1804200000e-02
9.7400000000e-01 -7.1070476842e-01 -4.0435400000e-02
9.7600000000e-01 -7.2650694444e-01 -3.9032300000e-02
9.7800000000e-01 -7.4175187457e-01 -3.7595400000e-02
9.8000000000e-01 -7.5635249433e-01 -3.6125100000e-02
9.8200000000e-01 -7.7021599909e-01 -3.4622100000e-02
9.8400000000e-01 -7.8324796748e-01 -3.3088300000e-02
9.8600000000e-01 -7.9535902637e-01 -3.1526000000e-02
9.8800000000e-01 -8.0646052632e-01 -2.9937500000e-02
9.9000000000e-01 -8.1646453423e-01 -2.8324900000e-02
9.9200000000e-01 -8.2533478943e-01 -2.6690500000e-02
9.9400000000e-01 -8.3320176615e-01 -2.5036500000e-02
9.9600000000e-01 -8.4030934851e-01 -2.3364800000e-02
9.9800000000e-01 -8.4689957693e-01 -2.1677700000e-02
1.0000000000e+00 -8.5321233333e-01 -1.9977200000e-02
1.0020000000e+00 -8.5948170326e-01 -1.8264600000e-02
1.0040000000e+00 -8.6593227092e-01 -1.6538800000e-02
1.0060000000e+00 -8.7278385244e-01 -1.4797500000e-02
1.0080000000e+00 -8.8025440917e-01 -1.3038900000e-02
1.0100000000e+00 -8.8856028603e-01 -1.1261000000e-02
1.0120000000e+00 -8.9780314010e-01 -9.4615900000e-03
1.0140000000e+00 -9.0777657243e-01 -7.6389100000e-03
1.0160000000e+00 -9.1808169291e-01 -5.7910000000e-03
1.0180000000e+00 -9.2832285527e-01 -3.9159600000e-03
1.0200000000e+00 -9.3810773420e-01 -2.0118900000e-03
1.0220000000e+00 -9.4704859752e-01 -7.8061500000e-05
1.0240000000e+00 -9.5474631076e-01 1.8815100000e-03
1.0260000000e+00 -9.6078232619e-01 3.8616200000e-03
1.0280000000e+00 -9.6474210981e-01 5.8570900000e-03
1.0300000000e+00 -9.6621434736e-01 7.8627100000e-03
1.0320000000e+00 -9.6498201981e-01 9.8731700000e-03
1.0340000000e+00 -9.6122652052e-01 1.1882600000e-02
1.0360000000e+00 -9.5533333333e-01 1.3885200000e-02
1.0380000000e+00 -9.4768443588e-01 1.5874900000e-02
1.0400000000e+00 -9.3866089744e-01 1.7845700000e-02
1.0420000000e+00 -9.2865760290e-01 1.9793100000e-02
1.0440000000e+00 -9.1809046403e-01 2.1717400000e-02
1.0460000000e+00 -9.0737253027e-01 2.3620400000e-02
1.0480000000e+00 -8.9691380407e-01 2.5503700000e-02
1.0500000000e+00 -8.8712126984e-01 2.7369200000e-02
1.0520000000e+00 -8.7819645120e-01 2.9218600000e-02
1.0540000000e+00 -8.6996784735e-01 3.1053500000e-02
1.0560000000e+00 -8.6209627525e-01 3.2875900000e-02
1.0580000000e+00 -8.5424522159e-01 3.4687400000e-02
1.0600000000e+00 -8.4608060797e-01 3.6489800000e-02
1.0620000000e+00 -8.3726940783e-01 3.8283900000e-02
1.0640000000e+00 -8.2747608605e-01 4.0066000000e-02
1.0660000000e+00 -8.1636397749e-01 4.1831500000e-02
1.0680000000e+00 -8.0359873075e-01 4.3575800000e-02
1.0700000000e+00 -7.8884870197e-01 4.5294200000e-02
1.0720000000e+00 -7.7195107794e-01 4.6982000000e-02
1.0740000000e+00 -7.5308421270e-01 4.8634400000e-02
1.0760000000e+00 -7.3259820322e-01 5.0246800000e-02
1.0780000000e+00 -7.1084065141e-01 5.1814100000e-02
1.0800000000e+00 -6.8815658436e-01 5.3331800000e-02
1.0820000000e+00 -6.6489217498e-01 5.4796100000e-02
1.0840000000e+00 -6.4139739647e-01 5.6207800000e-02
1.0860000000e+00 -6.1802240638e-01 5.7568800000e-02
1.0880000000e+00 -5.9511468546e-01 5.8881000000e-02
1.0900000000e+00 -5.7301936799e-01 6.0146400000e-02
1.0920000000e+00 -5.5190822141e-01 6.1366900000e-02
1.0940000000e+00 -5.3170343287e-01 6.2544400000e-02
1.0960000000e+00 -5.1225030414e-01 6.3681200000e-02
1.0980000000e+00 -4.9339496053e-01 6.4779000000e-02
1.1000000000e+00 -4.7498474747e-01 6.5840100000e-02
1.1020000000e+00 -4.5686529542e-01 6.6865800000e-02
1.1040000000e+00 -4.3888224638e-01 6.7855800000e-02
1.1060000000e+00 -4.2088366486e-01 6.8808800000e-02
1.1080000000e+00 -4.0271851183e-01 6.9724000000e-02
1.1100000000e+00 -3.8423713714e-01 7.0600200000e-02
1.1120000000e+00 -3.6536730616e-01 7.1436400000e-02
1.1140000000e+00 -3.4610043886e-01 7.2231600000e-02
1.1160000000e+00 -3.2641467543e-01 7.2984900000e-02
1.1180000000e+00 -3.0628821308e-01 7.3695300000e-02
1.1200000000e+00 -2.8569950397e-01 7.4361700000e-02
1.1220000000e+00 -2.6462566845e-01 7.4983100000e-02
1.1240000000e+00 -2.4304468169e-01 7.5558200000e-02
1.1260000000e+00 -2.2093704362e-01 7.6085200000e-02
1.1280000000e+00 -1.9828299842e-01 7.6562800000e-02
1.1300000000e+00 -1.7506324484e-01 7.6989400000e-02
1.1320000000e+00 -1.5127165293e-01 7.7363500000e-02
1.1340000000e+00 -1.2701136586e-01 7.7683600000e-02
1.1360000000e+00 -1.0248071792e-01 7.7948300000e-02
1.1380000000e+00 -7.7876563171e-02 7.8156200000e-02
1.1400000000e+00 -5.3394382066e-02 7.8305800000e-02
1.1420000000e+00 -2.9226324188e-02 7.8396400000e-02
1.1440000000e+00 -5.5608449883e-03 7.8429700000e-02
1.1460000000e+00 1.7414828389e-02 7.8408300000e-02
1.1480000000e+00 3.9514976771e-02 7.8334600000e-02
1.1500000000e+00 6.0555085990e-02 7.8211100000e-02
1.1520000000e+00 8.0446425540e-02 7.8040300000e-02
1.1540000000e+00 9.9232755633e-02 7.7824700000e-02
1.1560000000e+00 1.1699512687e-01 7.7566800000e-02
1.1580000000e+00 1.3381394166e-01 7.7268900000e-02
1.1600000000e+00 1.4976903257e-01 7.6933700000e-02
1.1620000000e+00 1.6493956779e-01 7.6563300000e-02
1.1640000000e+00 1.7940406644e-01 7.6158800000e-02
1.1660000000e+00 1.9324013722e-01 7.5721300000e-02
1.1680000000e+00 2.0652511416e-01 7.5251600000e-02
1.1700000000e+00 2.1933561254e-01 7.4750600000e-02
1.1720000000e+00 2.3171094046e-01 7.4219300000e-02
1.1740000000e+00 2.4370726860e-01 7.3658500000e-02
1.1760000000e+00 2.5543480726e-01 7.3069200000e-02
1.1780000000e+00 2.6700292398e-01 7.2452400000e-02
1.1800000000e+00 2.7852033898e-01 7.1808900000e-02
1.1820000000e+00 2.9009494266e-01 7.1139200000e-02
1.1840000000e+00 3.0183201952e-01 7.0442400000e-02
1.1860000000e+00 3.1383370808e-01 6.9717200000e-02
1.1880000000e+00 3.2620164609e-01 6.8962000000e-02
1.1900000000e+00 3.3903650794e-01 6.8175600000e-02
1.1920000000e+00 3.5238516033e-01 6.7356600000e-02
1.1940000000e+00 3.6610515541e-01 6.6503700000e-02
1.1960000000e+00 3.7991982534e-01 6.5615600000e-02
1.1980000000e+00 3.9355434984e-01 6.4691000000e-02
1.2000000000e+00 4.0673583333e-01 6.3728700000e-02
1.2020000000e+00 4.1919532261e-01 6.2728400000e-02
1.2040000000e+00 4.3067008121e-01 6.1693600000e-02
1.2060000000e+00 4.4090132670e-01 6.0628800000e-02
1.2080000000e+00 4.4963217439e-01 5.9538600000e-02
1.2100000000e+00 4.5660716253e-01 5.8427500000e-02
1.2120000000e+00 4.6170599560e-01 5.7300200000e-02
1.2140000000e+00 4.6507889438e-01 5.6160900000e-02
1.2160000000e+00 4.6701087354e-01 5.5014200000e-02
1.2180000000e+00 4.6778516694e-01 5.3864500000e-02
1.2200000000e+00 4.6768315118e-01 5.2716300000e-02
1.2220000000e+00 4.6698226950e-01 5.1572900000e-02
1.2240000000e+00 4.6595461147e-01 5.0434000000e-02
1.2260000000e+00 4.6486949429e-01 4.9297900000e-02
1.2280000000e+00 4.6399439016e-01 4.8163200000e-02
1.2300000000e+00 4.6359512195e-01 4.7028300000e-02
1.2320000000e+00 4.6380122655e-01 4.5891700000e-02
1.2340000000e+00 4.6451683775e-01 4.4752000000e-02
1.2360000000e+00 4.6555573535e-01 4.3607700000e-02
1.2380000000e+00 4.6673308203e-01 4.2457300000e-02
1.2400000000e+00 4.6786505376e-01 4.1299400000e-02
1.2420000000e+00 4.6877044194e-01 4.0133200000e-02
1.2440000000e+00 4.6927340121e-01 3.8960600000e-02
1.2460000000e+00 4.6920304976e-01 3.7784100000e-02
1.2480000000e+00 4.6838942308e-01 3.6606300000e-02
1.2500000000e+00 4.6666373333e-01 3.5429800000e-02
1.2520000000e+00 4.6394763933e-01 3.4257200000e-02
1.2540000000e+00 4.6029700514e-01 3.3090900000e-02
1.2560000000e+00 4.5581139420e-01 3.1933200000e-02
1.2580000000e+00 4.5058956015e-01 3.0786600000e-02
1.2600000000e+00 4.4472980600e-01 2.9653600000e-02
1.2620000000e+00 4.3832628984e-01 2.8536200000e-02
1.2640000000e+00 4.3147318917e-01 2.7435200000e-02
1.2660000000e+00 4.2426803581e-01 2.6350900000e-02
1.2680000000e+00 4.1680774623e-01 2.5283900000e-02
1.2700000000e+00 4.0918853893e-01 2.4234500000e-02
1.2720000000e+00 4.0146270091e-01 2.3203100000e-02
1.2740000000e+00 3.9364163614e-01 2.2190000000e-02
1.2760000000e+00 3.8574007315e-01 2.1195500000e-02
1.2780000000e+00 3.7777238741e-01 2.0219700000e-02
1.2800000000e+00 3.6975312500e-01 1.9263000000e-02
1.2820000000e+00 3.6169249437e-01 1.8325500000e-02
1.2840000000e+00 3.5359899619e-01 1.7407400000e-02
1.2860000000e+00 3.4548289269e-01 1.6508700000e-02
1.2880000000e+00 3.3735455487e-01 1.5629700000e-02
1.2900000000e+00 3.2922403101e-01 1.4770200000e-02
1.2920000000e+00 3.2109838321e-01 1.3930500000e-02
1.2940000000e+00 3.1293980766e-01 1.3110600000e-02
1.2960000000e+00 3.0466915295e-01 1.2310400000e-02
1.2980000000e+00 2.9620784112e-01 1.1530100000e-02
1.3000000000e+00 2.8747777778e-01 1.0769500000e-02
1.3020000000e+00 2.7839930022e-01 1.0029000000e-02
1.3040000000e+00 2.6888471370e-01 9.3102400000e-03
1.3060000000e+00 2.5884005445e-01 8.6151900000e-03
1.3080000000e+00 2.4817218824e-01 7.9457700000e-03
1.3100000000e+00 2.3678829517e-01 7.3039400000e-03
1.3120000000e+00 2.2463736450e-01 6.6916800000e-03
1.3140000000e+00 2.1183756131e-01 6.1112100000e-03
1.3160000000e+00 1.9863382303e-01 5.5647900000e-03
1.3180000000e+00 1.8526968471e-01 5.0546800000e-03
1.3200000000e+00 1.7198712121e-01 4.5831400000e-03
1.3220000000e+00 1.5903319886e-01 4.1514200000e-03
1.3240000000e+00 1.4666876469e-01 3.7567400000e-03
1.3260000000e+00 1.3516130384e-01 3.3953300000e-03
1.3280000000e+00 1.2477685743e-01 3.0633800000e-03
1.3300000000e+00 1.1577969925e-01 2.7571200000e-03
1.3320000000e+00 1.0830647314e-01 2.4726900000e-03
1.3340000000e+00 1.0213634849e-01 2.2059700000e-03
1.3360000000e+00 9.6819361277e-02 1.9527700000e-03
1.3380000000e+00 9.1908237834e-02 1.7089000000e-03
1.3400000000e+00 8.6958341625e-02 1.4701700000e-03
1.3420000000e+00 8.1519282994e-02 1.2342300000e-03
1.3440000000e+00 7.5423974868e-02 1.0061500000e-03
1.3460000000e+00 6.8794824170e-02 7.9279900000e-04
1.3480000000e+00 6.1753593802e-02 6.0108600000e-04
1.3500000000e+00 5.4421242798e-02 4.3790300000e-04
1.3520000000e+00 4.7145742932e-02 3.0781400000e-04
1.3540000000e+00 3.3213515510e-02 2.0606300000e-04
1.3560000000e+00 2.6633554572e-02 1.2556800000e-04
1.3580000000e+00 2.2681516937e-02 5.9241400000e-05
