# 301 0 0.3
0 82175000.1 6677.89
0.001 81859700 6595.82
0.002 40653000 6514.25
0.003 2.69354e+07 6433.19
0.004 2.00748e+07 6352.64
0.005 1.59593e+07 6272.59
0.006 1.32142e+07 6193.05
0.007 1.12533e+07 6114.02
0.008 9.78394e+06 6035.5
0.009 8.64006e+06 5957.48
0.01 7724650 5879.98
0.011 6.97759e+06 5802.98
0.012 6.35329e+06 5726.48
0.013 5.82525e+06 5650.5
0.014 5.37336e+06 5575.02
0.015 4980880 5500.05
0.016 4.63814e+06 5425.59
0.017 4.33566e+06 5351.63
0.018 4.06639e+06 5278.18
0.019 3.82544e+06 5205.24
0.02 3609075 5132.81
0.021 3.41288e+06 5060.88
0.022 3.23439e+06 4989.47
0.023 3.07233e+06 4918.56
0.024 2.9229e+06 4848.15
0.025 2785532 4778.26
0.026 2.65912e+06 4708.87
0.027 2541600 4639.99
0.028 2.43286e+06 4571.62
0.029 2.33159e+06 4503.75
0.03 2.23684e+06 4436.39
0.031 2.14817e+06 4369.54
0.032 2.06536e+06 4303.2
0.033 1.98729e+06 4237.36
0.034 1.91372e+06 4172.04
0.035 1.84496e+06 4107.22
0.036 1.77943e+06 4042.9
0.037 1.71752e+06 3979.1
0.038 1.65913e+06 3915.8
0.039 1.60342e+06 3853.01
0.04 1550755 3790.73
0.041 1.50064e+06 3728.95
0.042 1.45274e+06 3667.68
0.043 1.40705e+06 3606.92
0.044 1.36367e+06 3546.67
0.045 1.32201e+06 3486.92
0.046 1.2821e+06 3427.69
0.047 1.24433e+06 3368.96
0.048 1.2077e+06 3310.73
0.049 1.17262e+06 3253.02
0.05 1139142 3195.81
0.051 1.10673e+06 3139.11
0.052 1.07577e+06 3082.92
0.053 1.04597e+06 3027.23
0.054 1.01712e+06 2972.05
0.055 989371 2917.38
0.056 962566 2863.22
0.057 936840 2809.57
0.058 912012 2756.42
0.059 887853 2703.78
0.06 864668 2651.65
0.061 842233 2600.02
0.062 820405 2548.9
0.063 799259 2498.29
0.064 778930 2448.19
0.065 759085 2398.59
0.066 739795 2349.51
0.067 721396 2300.93
0.068 703228 2252.85
0.069 685628 2205.29
0.07 668673 2158.23
0.071 652017 2111.68
0.072 635974 2065.64
0.073 620360 2020.1
0.074 605061 1975.07
0.075 590207 1930.55
0.076 575704 1886.54
0.077 561695 1843.04
0.078 548006 1800.04
0.079 534700 1757.55
0.08 521626 1715.56
0.081 508865 1674.09
0.082 496552 1633.12
0.083 484371 1592.66
0.084 472639 1552.71
0.085 461064 1513.26
0.086 449727 1474.33
0.087 438891 1435.9
0.088 428062 1397.97
0.089 417509 1360.56
0.09 407301 1323.65
0.091 397178 1287.25
0.092 387392 1251.36
0.093 377810 1215.97
0.094 368347 1181.09
0.095 359111 1146.72
0.096 350038 1112.86
0.097 341238 1079.51
0.098 332610 1046.66
0.099 324107 1014.32
0.1 315798 982.486
0.101 307637 951.161
0.102 299648 920.343
0.103 291811 890.033
0.104 284125 860.23
0.105 276586 830.935
0.106 269189 802.147
0.107 261929 773.867
0.108 254807 746.094
0.109 247805 718.829
0.11 240947 692.072
0.111 234205 665.821
0.112 227573 640.079
0.113 221077 614.844
0.114 214684 590.116
0.115 208404 565.896
0.116 202234 542.183
0.117 196160 518.978
0.118 190205 496.281
0.119 184342 474.09
0.12 178568 452.408
0.121 172907 431.233
0.122 167328 410.565
0.123 161841 390.405
0.124 156445 370.752
0.125 151127 351.607
0.126 145900 332.97
0.127 140761 314.84
0.128 135695 297.217
0.129 130709 280.102
0.13 125802 263.494
0.131 120960 247.394
0.132 116206 231.802
0.133 111517 216.716
0.134 106890 202.139
0.135 102346 188.069
0.136 97861 174.506
0.137 93437.2 161.451
0.138 89082.6 148.904
0.139 84796.4 136.864
0.14 80563.6 125.331
0.141 76393.6 114.306
0.142 72281 103.788
0.143 68224.1 93.7783
0.144 64228.3 84.2757
0.145 60284.7 75.2807
0.146 56396 66.7931
0.147 52559.7 58.8131
0.148 48776.4 51.3405
0.149 45039.6 44.3755
0.15 41366.7 37.918
0.151 37694.7 31.9679
0.152 34260.4 26.5246
0.153 29020.7 21.6471
0.154 22798.4 17.6982
0.155 18231.5 14.5438
0.156 15014.1 11.9793
0.157 12977.2 9.79976
0.158 11478.6 7.87746
0.159 10104.1 6.16694
0.16 8730.12 4.66524
0.161 7373.11 3.3733
0.162 6035.71 2.29094
0.163 4718.76 1.41751
0.164 3420.18 0.752498
0.165 2138.73 0.295615
0.166 874.313 0.046628
0.167 -372.766 0.005221
0.168 -1602.59 0.170997
0.169 -2816.09 0.543591
0.17 -4014.51 1.12279
0.171 -5198.66 1.90851
0.172 -6368.31 2.90069
0.173 -7522.54 4.0991
0.174 -8662.47 5.50343
0.175 -9794.29 7.11393
0.176 -10924.5 8.9321
0.177 -12057.8 10.9603
0.178 -13194.3 13.2015
0.179 -14374.1 15.6608
0.18 -15405.4 18.3393
0.181 -16321.7 21.2005
0.182 -17340.9 24.2546
0.183 -18373.7 27.5141
0.184 -19389.1 30.979
0.185 -20395.3 34.6494
0.186 -21389.8 38.5252
0.187 -22373.7 42.6064
0.188 -23347.6 46.893
0.189 -24311.1 51.3851
0.19 -25264.5 56.0826
0.191 -26207.9 60.9856
0.192 -27141.1 66.094
0.193 -28064.7 71.4078
0.194 -28979.2 76.927
0.195 -29884.1 82.6517
0.196 -30779.9 88.5818
0.197 -31664.5 94.7173
0.198 -32545.9 101.058
0.199 -33411.3 107.605
0.2 -34272.7 114.356
0.201 -35124.4 121.314
0.202 -35967.5 128.476
0.203 -36804.1 135.845
0.204 -37625.4 143.418
0.205 -38450.8 151.197
0.206 -39256.2 159.182
0.207 -40060.4 167.371
0.208 -40856.8 175.767
0.209 -41639.5 184.367
0.21 -42424.7 193.173
0.211 -43197.2 202.185
0.212 -43959.4 211.402
0.213 -44717.5 220.824
0.214 -45473.3 230.452
0.215 -46214 240.286
0.216 -46947.7 250.324
0.217 -47682.9 260.568
0.218 -48405.5 271.018
0.219 -49124.2 281.673
0.22 -49830.9 292.534
0.221 -50536.2 303.599
0.222 -51234.2 314.871
0.223 -51925.6 326.347
0.224 -52612.5 338.03
0.225 -53287.1 349.917
0.226 -53965.5 362.01
0.227 -54632.6 374.309
0.228 -55290.8 386.813
0.229 -55947.6 399.522
0.23 -56597.8 412.437
0.231 -57242.4 425.557
0.232 -57882.3 438.883
0.233 -58512 452.414
0.234 -59141 466.15
0.235 -59763.8 480.092
0.236 -60381.4 494.239
0.237 -60993.7 508.592
0.238 -61600.8 523.15
0.239 -62203.8 537.914
0.24 -62797.5 552.883
0.241 -63389.6 568.057
0.242 -63979.8 583.437
0.243 -64562.1 599.023
0.244 -65137.7 614.814
0.245 -65706.9 630.81
0.246 -66279.3 647.011
0.247 -66842.5 663.419
0.248 -67398.4 680.031
0.249 -67953.8 696.849
0.25 -68504 713.872
0.251 -69049.8 731.101
0.252 -69591.3 748.535
0.253 -70128.5 766.175
0.254 -70661.4 784.02
0.255 -71191 802.071
0.256 -71712.1 820.327
0.257 -72233.5 838.788
0.258 -72750 857.455
0.259 -73262.5 876.327
0.26 -73771.9 895.405
0.261 -74273.6 914.688
0.262 -74774 934.176
0.263 -75275.3 953.87
0.264 -75763.3 973.77
0.265 -76269.4 993.875
0.266 -76739.8 1014.19
0.267 -77200.7 1034.7
0.268 -77712.7 1055.42
0.269 -78176.6 1076.35
0.27 -78648.5 1097.48
0.271 -79114.4 1118.82
0.272 -79576.8 1140.36
0.273 -80038.5 1162.11
0.274 -80486.5 1184.06
0.275 -80968.7 1206.22
0.276 -81417.4 1228.59
0.277 -81836.8 1251.16
0.278 -82279.1 1273.93
0.279 -82748 1296.91
0.28 -83176.8 1320.1
0.281 -83612.5 1343.49
0.282 -84042.6 1367.09
0.283 -84469.6 1390.89
0.284 -84896.1 1414.9
0.285 -85309.8 1439.11
0.286 -85756.6 1463.53
0.287 -86171.4 1488.16
0.288 -86558.3 1512.99
0.289 -86967.5 1538.02
0.29 -87402.4 1563.26
0.291 -87799 1588.71
0.292 -88202.4 1614.36
0.293 -88600.7 1640.22
0.294 -88996.6 1666.28
0.295 -89390.2 1692.55
0.296 -89779.1 1719.02
0.297 -90173.7 1745.7
0.298 -90534.2 1772.58
0.299 -91009 1799.67
0.3 -91147.3 1826.97
