#800 0 1.600000
0.0000000000e+00 7.0877500000e+10 1.2677700000e+09
2.0000000000e-03 34989400000000 1.1266100000e+09
4.0000000000e-03 16820675000000 9.8905100000e+08
6.0000000000e-03 1.04649e+13 8.5868000000e+08
8.0000000000e-03 6622336111125 7.3909200000e+08
1.0000000000e-02 4732399876500 6.3388400000e+08
1.2000000000e-02 3477596182000 5.4559000000e+08
1.4000000000e-02 2607928903500 4.7251000000e+08
1.6000000000e-02 1985009350625 4.1188200000e+08
1.8000000000e-02 1554277205000 3.6094600000e+08
2.0000000000e-02 1233136656300 3.1694200000e+08
2.2000000000e-02 9.87186e+11 2.7754200000e+08
2.4000000000e-02 7.94889e+11 2.4215400000e+08
2.6000000000e-02 6.43685e+11 2.1061900000e+08
2.8000000000e-02 5.2261e+11 1.8277700000e+08
3.0000000000e-02 4.25243e+11 1.5847100000e+08
3.2000000000e-02 3.47074e+11 1.3749900000e+08
3.4000000000e-02 2.84421e+11 1.1949600000e+08
3.6000000000e-02 2.33989e+11 1.0405600000e+08
3.8000000000e-02 1.93278e+11 9.0771300000e+07
4.0000000000e-02 1.60261e+11 7.9235500000e+07
4.2000000000e-02 1.33243e+11 6.9090400000e+07
4.4000000000e-02 1.10959e+11 6.0171700000e+07
4.6000000000e-02 9.25367e+10 5.2363900000e+07
4.8000000000e-02 7.72692e+10 4.5551100000e+07
5.0000000000e-02 64590844598 3.9617800000e+07
5.2000000000e-02 5.40561e+10 3.4453900000e+07
5.4000000000e-02 4.53037e+10 2.9972400000e+07
5.6000000000e-02 38027963750 2.6091900000e+07
5.8000000000e-02 3.19734e+10 2.2731200000e+07
6.0000000000e-02 2.69252e+10 1.9808900000e+07
6.2000000000e-02 2.26997e+10 1.7251400000e+07
6.4000000000e-02 1.91523e+10 1.5016600000e+07
6.6000000000e-02 1.61726e+10 1.3070100000e+07
6.8000000000e-02 1.36676e+10 1.1377500000e+07
7.0000000000e-02 1.15594e+10 9.9044400000e+06
7.2000000000e-02 9.78279e+09 8.6191500000e+06
7.4000000000e-02 8.28469e+09 7.5001500000e+06
7.6000000000e-02 7.02163e+09 6.5285800000e+06
7.8000000000e-02 5.95637e+09 5.6855600000e+06
8.0000000000e-02 5.05697e+09 4.9522200000e+06
8.2000000000e-02 4.29589e+09 4.3113300000e+06
8.4000000000e-02 3.65089e+09 3.7522600000e+06
8.6000000000e-02 3.1044e+09 3.2660200000e+06
8.8000000000e-02 2.64127e+09 2.8436400000e+06
9.0000000000e-02 2248479840 2.4761100000e+06
9.2000000000e-02 1.91486e+09 2.1552000000e+06
9.4000000000e-02 1.6313e+09 1.8755500000e+06
9.6000000000e-02 1.39041e+09 1.6325500000e+06
9.8000000000e-02 1.18575e+09 1.4215900000e+06
1.0000000000e-01 1.01176e+09 1.2380600000e+06
1.0200000000e-01 8.63597e+08 1.0777200000e+06
1.0400000000e-01 7.37302e+08 9.3793100000e+05
1.0600000000e-01 6.2971e+08 8.1639900000e+05
1.0800000000e-01 5.38058e+08 7.1085700000e+05
1.1000000000e-01 4.5994e+08 6.1902900000e+05
1.1200000000e-01 3.93263e+08 5.3883000000e+05
1.1400000000e-01 3.36313e+08 4.6892400000e+05
1.1600000000e-01 2.87703e+08 4.0816700000e+05
1.1800000000e-01 2.46221e+08 3.5541300000e+05
1.2000000000e-01 2.10802e+08 3.0951500000e+05
1.2200000000e-01 1.80515e+08 2.6942500000e+05
1.2400000000e-01 1.54599e+08 2.3447400000e+05
1.2600000000e-01 1.3244e+08 2.0409300000e+05
1.2800000000e-01 1.13497e+08 1.7771200000e+05
1.3000000000e-01 9.72956e+07 1.5475900000e+05
1.3200000000e-01 8.34206e+07 1.3471100000e+05
1.3400000000e-01 7.15308e+07 1.1723500000e+05
1.3600000000e-01 6.13501e+07 1.0204500000e+05
1.3800000000e-01 5.26354e+07 8.8855600000e+04
1.4000000000e-01 4.51726e+07 7.7380200000e+04
1.4200000000e-01 3.87729e+07 6.7357000000e+04
1.4400000000e-01 3.32819e+07 5.8619200000e+04
1.4600000000e-01 2.85743e+07 5.1024200000e+04
1.4800000000e-01 2.45398e+07 4.4429000000e+04
1.5000000000e-01 2.10807e+07 3.8691000000e+04
1.5200000000e-01 1.81111e+07 3.3679200000e+04
1.5400000000e-01 1.55603e+07 2.9310300000e+04
1.5600000000e-01 1.33713e+07 2.5512800000e+04
1.5800000000e-01 1.14933e+07 2.2215300000e+04
1.6000000000e-01 9.88154e+06 1.9346400000e+04
1.6200000000e-01 8.49655e+06 1.6840500000e+04
1.6400000000e-01 7.30578e+06 1.4656100000e+04
1.6600000000e-01 6.2829e+06 1.2757300000e+04
1.6800000000e-01 5.40458e+06 1.1108600000e+04
1.7000000000e-01 4.65015e+06 9.6740900000e+03
1.7200000000e-01 4.00129e+06 8.4211500000e+03
1.7400000000e-01 3.44295e+06 7.3289200000e+03
1.7600000000e-01 2.96295e+06 6.3795500000e+03
1.7800000000e-01 2.55047e+06 5.5551800000e+03
1.8000000000e-01 2.1959e+06 4.8379400000e+03
1.8200000000e-01 1.89072e+06 4.2114700000e+03
1.8400000000e-01 1.62792e+06 3.6653600000e+03
1.8600000000e-01 1.40183e+06 3.1906700000e+03
1.8800000000e-01 1.2074e+06 2.7784800000e+03
1.9000000000e-01 1.04016e+06 2.4198600000e+03
1.9200000000e-01 896121 2.1066300000e+03
1.9400000000e-01 772002 1.8335700000e+03
1.9600000000e-01 665153 1.5962300000e+03
1.9800000000e-01 573212 1.3901400000e+03
2.0000000000e-01 494078 1.2108300000e+03
2.0200000000e-01 425879 1.0542100000e+03
2.0400000000e-01 367079 9.1768100000e+02
2.0600000000e-01 316432 7.9901000000e+02
2.0800000000e-01 272827 6.9596200000e+02
2.1000000000e-01 235275 6.0630800000e+02
2.1200000000e-01 202895 5.2799900000e+02
2.1400000000e-01 174963 4.5973500000e+02
2.1600000000e-01 150891 4.0039900000e+02
2.1800000000e-01 130156 3.4887500000e+02
2.2000000000e-01 112290 3.0404800000e+02
2.2200000000e-01 96878 2.6489400000e+02
2.2400000000e-01 83576.1 2.3076200000e+02
2.2600000000e-01 72107.3 2.0109400000e+02
2.2800000000e-01 62223.7 1.7533200000e+02
2.3000000000e-01 53704.1 1.5291800000e+02
2.3200000000e-01 46351.1 1.3334100000e+02
2.3400000000e-01 40002.4 1.1627500000e+02
2.3600000000e-01 34526.3 1.0144100000e+02
2.3800000000e-01 29805 8.8560500000e+01
2.4000000000e-01 25733.5 7.7353400000e+01
2.4200000000e-01 22217.8 6.7564500000e+01
2.4400000000e-01 19180.8 5.9031100000e+01
2.4600000000e-01 16560.2 5.1613900000e+01
2.4800000000e-01 14300.2 4.5173600000e+01
2.5000000000e-01 12351.1 3.9571000000e+01
2.5200000000e-01 10668.4 3.4678200000e+01
2.5400000000e-01 9215.21 3.0413300000e+01
2.5600000000e-01 7960.91 2.6705600000e+01
2.5800000000e-01 6877.98 2.3484600000e+01
2.6000000000e-01 5941.61 2.0679800000e+01
2.6200000000e-01 5129.41 1.8227100000e+01
2.6400000000e-01 4424.56 1.6088100000e+01
2.6600000000e-01 3815.54 1.4230900000e+01
2.6800000000e-01 3292.65 1.2623600000e+01
2.7000000000e-01 2847.85 1.1234200000e+01
2.7200000000e-01 2474.72 1.0031400000e+01
2.7400000000e-01 2165.36 8.9862100000e+00
2.7600000000e-01 1909.82 8.0701100000e+00
2.7800000000e-01 1698.26 7.2546500000e+00
2.8000000000e-01 1520.85 6.5113800000e+00
2.8200000000e-01 1367.54 5.8167200000e+00
2.8400000000e-01 1231.53 5.1666000000e+00
2.8600000000e-01 1109.69 4.5618500000e+00
2.8800000000e-01 999.629 4.0032800000e+00
2.9000000000e-01 899.725 3.4917200000e+00
2.9200000000e-01 809.254 3.0272400000e+00
2.9400000000e-01 727.529 2.6069400000e+00
2.9600000000e-01 653.523 2.2272000000e+00
2.9800000000e-01 586.369 1.8843800000e+00
3.0000000000e-01 525.293 1.5748300000e+00
3.0200000000e-01 469.526 1.2952500000e+00
3.0400000000e-01 418.465 1.0436100000e+00
3.0600000000e-01 371.719 8.1817600000e-01
3.0800000000e-01 328.955 6.1725200000e-01
3.1000000000e-01 289.886 4.3912100000e-01
3.1200000000e-01 254.281 2.8209300000e-01
3.1400000000e-01 221.903 1.4456600000e-01
3.1600000000e-01 192.488 2.4960200000e-02
3.1800000000e-01 165.783 -7.8304200000e-02
3.2000000000e-01 141.542 -1.6680700000e-01
3.2200000000e-01 119.52 -2.4201600000e-01
3.2400000000e-01 99.5029 -3.0496000000e-01
3.2600000000e-01 81.3067 -3.5655500000e-01
3.2800000000e-01 64.7587 -3.9771600000e-01
3.3000000000e-01 49.6958 -4.2936100000e-01
3.3200000000e-01 35.9655 -4.5234500000e-01
3.3400000000e-01 23.4318 -4.6728200000e-01
3.3600000000e-01 11.9737 -4.7472400000e-01
3.3800000000e-01 1.47679 -4.7522400000e-01
3.4000000000e-01 -8.16651 -4.6933500000e-01
3.4200000000e-01 -17.0579 -4.5756500000e-01
3.4400000000e-01 -25.2453 -4.4024600000e-01
3.4600000000e-01 -32.72 -4.1766400000e-01
3.4800000000e-01 -39.4611 -3.9010700000e-01
3.5000000000e-01 -45.4345 -3.5786100000e-01
3.5200000000e-01 -50.5925 -3.2127000000e-01
3.5400000000e-01 -54.8752 -2.8090400000e-01
3.5600000000e-01 -58.2155 -2.3738900000e-01
3.5800000000e-01 -60.5424 -1.9135100000e-01
3.6000000000e-01 -61.782 -1.4341600000e-01
3.6200000000e-01 -61.8584 -9.4273100000e-02
3.6400000000e-01 -60.7338 -4.4859400000e-02
3.6600000000e-01 -58.4124 3.8253300000e-03
3.6800000000e-01 -54.9058 5.0781500000e-02
3.7000000000e-01 -50.2344 9.5009300000e-02
3.7200000000e-01 -44.4284 1.3553200000e-01
3.7400000000e-01 -37.6227 1.7146000000e-01
3.7600000000e-01 -30.061 2.0193100000e-01
3.7800000000e-01 -22.008 2.2607700000e-01
3.8000000000e-01 -13.7505 2.4303400000e-01
3.8200000000e-01 -5.59904 2.5217900000e-01
3.8400000000e-01 2.19643 2.5385500000e-01
3.8600000000e-01 9.46289 2.4864800000e-01
3.8800000000e-01 16.0385 2.3714400000e-01
3.9000000000e-01 21.7761 2.1992800000e-01
3.9200000000e-01 26.5474 1.9765500000e-01
3.9400000000e-01 30.3098 1.7125200000e-01
3.9600000000e-01 33.1049 1.4171400000e-01
3.9800000000e-01 34.9953 1.1003500000e-01
4.0000000000e-01 36.0644 7.7212300000e-02
4.0200000000e-01 36.417 4.4139500000e-02
4.0400000000e-01 36.1573 1.1312200000e-02
4.0600000000e-01 35.3798 -2.0874900000e-02
4.0800000000e-01 34.1814 -5.2026900000e-02
4.1000000000e-01 32.6593 -8.1748900000e-02
4.1200000000e-01 30.909 -1.0970900000e-01
4.1400000000e-01 29.0066 -1.3583100000e-01
4.1600000000e-01 27.0081 -1.6009800000e-01
4.1800000000e-01 24.9645 -1.8249700000e-01
4.2000000000e-01 22.9218 -2.0301300000e-01
4.2200000000e-01 20.9201 -2.2165200000e-01
4.2400000000e-01 18.9835 -2.3849900000e-01
4.2600000000e-01 17.1211 -2.5366000000e-01
4.2800000000e-01 15.3373 -2.6724100000e-01
4.3000000000e-01 13.6324 -2.7934800000e-01
4.3200000000e-01 12.0022 -2.9007600000e-01
4.3400000000e-01 10.4453 -2.9948200000e-01
4.3600000000e-01 8.96455 -3.0761500000e-01
4.3800000000e-01 7.56258 -3.1452000000e-01
4.4000000000e-01 6.24229 -3.2024600000e-01
4.4200000000e-01 5.00725 -3.2484400000e-01
4.4400000000e-01 3.85678 -3.2838500000e-01
4.4600000000e-01 2.78503 -3.3094300000e-01
4.4800000000e-01 1.78533 -3.3259400000e-01
4.5000000000e-01 0.850116 -3.3341300000e-01
4.5200000000e-01 -0.029324 -3.3346600000e-01
4.5400000000e-01 -0.859546 -3.3278700000e-01
4.5600000000e-01 -1.64424 -3.3140300000e-01
4.5800000000e-01 -2.38676 -3.2933900000e-01
4.6000000000e-01 -3.08999 -3.2662100000e-01
4.6200000000e-01 -3.75616 -3.2327600000e-01
4.6400000000e-01 -4.38712 -3.1932600000e-01
4.6600000000e-01 -4.98464 -3.1479800000e-01
4.6800000000e-01 -5.55027 -3.0971500000e-01
4.7000000000e-01 -6.08545 -3.0410100000e-01
4.7200000000e-01 -6.59147 -2.9798100000e-01
4.7400000000e-01 -7.0696 -2.9137600000e-01
4.7600000000e-01 -7.52106 -2.8430600000e-01
4.7800000000e-01 -7.94701 -2.7679300000e-01
4.8000000000e-01 -8.34858 -2.6885800000e-01
4.8200000000e-01 -8.72687 -2.6052100000e-01
4.8400000000e-01 -9.08025 -2.5180000000e-01
4.8600000000e-01 -9.40413 -2.4271200000e-01
4.8800000000e-01 -9.69335 -2.3327500000e-01
4.9000000000e-01 -9.94216 -2.2350600000e-01
4.9200000000e-01 -10.1441 -2.1342900000e-01
4.9400000000e-01 -10.2982 -2.0309800000e-01
4.9600000000e-01 -10.4096 -1.9257300000e-01
4.9800000000e-01 -10.4845 -1.8191600000e-01
5.0000000000e-01 -10.5304 -1.7118700000e-01
5.0200000000e-01 -10.5561 -1.6043600000e-01
5.0400000000e-01 -10.5645 -1.4967300000e-01
5.0600000000e-01 -10.5512 -1.3889700000e-01
5.0800000000e-01 -10.5109 -1.2810900000e-01
5.1000000000e-01 -10.4368 -1.1730700000e-01
5.1200000000e-01 -10.3206 -1.0650300000e-01
5.1400000000e-01 -10.1614 -9.5749800000e-02
5.1600000000e-01 -9.96672 -8.5112700000e-02
5.1800000000e-01 -9.74571 -7.4656400000e-02
5.2000000000e-01 -9.50892 -6.4445800000e-02
5.2200000000e-01 -9.26884 -5.4530700000e-02
5.2400000000e-01 -9.03014 -4.4900700000e-02
5.2600000000e-01 -8.78799 -3.5530300000e-02
5.2800000000e-01 -8.53617 -2.6394100000e-02
5.3000000000e-01 -8.26675 -1.7466600000e-02
5.3200000000e-01 -7.96966 -8.7360700000e-03
5.3400000000e-01 -7.64367 -2.4617800000e-04
5.3600000000e-01 -7.29818 7.9457300000e-03
5.3800000000e-01 -6.94413 1.5782300000e-02
5.4000000000e-01 -6.59437 2.3206000000e-02
5.4200000000e-01 -6.26409 3.0178900000e-02
5.4400000000e-01 -5.9604 3.6739500000e-02
5.4600000000e-01 -5.6804 4.2945800000e-02
5.4800000000e-01 -5.41978 4.8855700000e-02
5.5000000000e-01 -5.17247 5.4527000000e-02
5.5200000000e-01 -4.93017 6.0005100000e-02
5.5400000000e-01 -4.68887 6.5285200000e-02
5.5600000000e-01 -4.45035 7.0349800000e-02
5.5800000000e-01 -4.21701 7.5181600000e-02
5.6000000000e-01 -3.9921 7.9763100000e-02
5.6200000000e-01 -3.78011 8.4083900000e-02
5.6400000000e-01 -3.58429 8.8161900000e-02
5.6600000000e-01 -3.40597 9.2021600000e-02
5.6800000000e-01 -3.24633 9.5687900000e-02
5.7000000000e-01 -3.10634 9.9185500000e-02
5.7200000000e-01 -2.98661 1.0253900000e-01
5.7400000000e-01 -2.88619 1.0577300000e-01
5.7600000000e-01 -2.8027 1.0891300000e-01
5.7800000000e-01 -2.73338 1.1198100000e-01
5.8000000000e-01 -2.67512 1.1500400000e-01
5.8200000000e-01 -2.62442 1.1800200000e-01
5.8400000000e-01 -2.57943 1.2097600000e-01
5.8600000000e-01 -2.54022 1.2392700000e-01
5.8800000000e-01 -2.50716 1.2685400000e-01
5.9000000000e-01 -2.48101 1.2975400000e-01
5.9200000000e-01 -2.46296 1.3262900000e-01
5.9400000000e-01 -2.45109 1.3549100000e-01
5.9600000000e-01 -2.43985 1.3835000000e-01
5.9800000000e-01 -2.42311 1.4122100000e-01
6.0000000000e-01 -2.39407 1.4411600000e-01
6.0200000000e-01 -2.34511 1.4703800000e-01
6.0400000000e-01 -2.27294 1.4994900000e-01
6.0600000000e-01 -2.17936 1.5280400000e-01
6.0800000000e-01 -2.06702 1.5555600000e-01
6.1000000000e-01 -1.93952 1.5815700000e-01
6.1200000000e-01 -1.80168 1.6056800000e-01
6.1400000000e-01 -1.65616 1.6278200000e-01
6.1600000000e-01 -1.50282 1.6479700000e-01
6.1800000000e-01 -1.3412 1.6661500000e-01
6.2000000000e-01 -1.1704 1.6823300000e-01
6.2200000000e-01 -0.988945 1.6964900000e-01
6.2400000000e-01 -0.796397 1.7084600000e-01
6.2600000000e-01 -0.593768 1.7180600000e-01
6.2800000000e-01 -0.382218 1.7250900000e-01
6.3000000000e-01 -0.163116 1.7293700000e-01
6.3200000000e-01 0.0618728 1.7307200000e-01
6.3400000000e-01 0.291773 1.7290700000e-01
6.3600000000e-01 0.526523 1.7244000000e-01
6.3800000000e-01 0.766176 1.7166400000e-01
6.4000000000e-01 1.01094 1.7057600000e-01
6.4200000000e-01 1.26121 1.6917000000e-01
6.4400000000e-01 1.51449 1.6743800000e-01
6.4600000000e-01 1.76496 1.6536700000e-01
6.4800000000e-01 2.00625 1.6294900000e-01
6.5000000000e-01 2.23132 1.6017400000e-01
6.5200000000e-01 2.43239 1.5704000000e-01
6.5400000000e-01 2.60669 1.5359300000e-01
6.5600000000e-01 2.75734 1.4988700000e-01
6.5800000000e-01 2.88843 1.4597600000e-01
6.6000000000e-01 3.00523 1.4191500000e-01
6.6200000000e-01 3.11435 1.3774900000e-01
6.6400000000e-01 3.21957 1.3347600000e-01
6.6600000000e-01 3.32091 1.2908700000e-01
6.6800000000e-01 3.41798 1.2456900000e-01
6.7000000000e-01 3.50976 1.1991100000e-01
6.7200000000e-01 3.59446 1.1510800000e-01
6.7400000000e-01 3.6698 1.1016900000e-01
6.7600000000e-01 3.73345 1.0510900000e-01
6.7800000000e-01 3.78287 9.9941100000e-02
6.8000000000e-01 3.81538 9.4680900000e-02
6.8200000000e-01 3.82822 8.9346300000e-02
6.8400000000e-01 3.82228 8.3969700000e-02
6.8600000000e-01 3.80246 7.8587700000e-02
6.8800000000e-01 3.77442 7.3236300000e-02
6.9000000000e-01 3.74468 6.7952100000e-02
6.9200000000e-01 3.7207 6.2759700000e-02
6.9400000000e-01 3.70452 5.7638200000e-02
6.9600000000e-01 3.69182 5.2554900000e-02
6.9800000000e-01 3.67722 4.7477300000e-02
7.0000000000e-01 3.65411 4.2372800000e-02
7.0200000000e-01 3.61444 3.7222800000e-02
7.0400000000e-01 3.55564 3.2064000000e-02
7.0600000000e-01 3.48196 2.6947100000e-02
7.0800000000e-01 3.3986 2.1922800000e-02
7.1000000000e-01 3.31201 1.7041700000e-02
7.1200000000e-01 3.23014 1.2340500000e-02
7.1400000000e-01 3.15645 7.8004100000e-03
7.1600000000e-01 3.08868 3.3883800000e-03
7.1800000000e-01 3.02379 -9.2844600000e-04
7.2000000000e-01 2.95777 -5.1829500000e-03
7.2200000000e-01 2.88532 -9.3979300000e-03
7.2400000000e-01 2.80378 -1.3555700000e-02
7.2600000000e-01 2.71404 -1.7628400000e-02
7.2800000000e-01 2.61734 -2.1588300000e-02
7.3000000000e-01 2.51552 -2.5407600000e-02
7.3200000000e-01 2.41116 -2.9063900000e-02
7.3400000000e-01 2.30634 -3.2555700000e-02
7.3600000000e-01 2.2022 -3.5887400000e-02
7.3800000000e-01 2.09987 -3.9063000000e-02
7.4000000000e-01 2.0004 -4.2086600000e-02
7.4200000000e-01 1.90467 -4.4963100000e-02
7.4400000000e-01 1.81247 -4.7699800000e-02
7.4600000000e-01 1.72256 -5.0304900000e-02
7.4800000000e-01 1.63342 -5.2786700000e-02
7.5000000000e-01 1.54326 -5.5153300000e-02
7.5200000000e-01 1.45005 -5.7409300000e-02
7.5400000000e-01 1.35326 -5.9545600000e-02
7.5600000000e-01 1.25415 -6.1549300000e-02
7.5800000000e-01 1.15428 -6.3407800000e-02
7.6000000000e-01 1.05555 -6.5108300000e-02
7.6200000000e-01 0.960274 -6.6642200000e-02
7.6400000000e-01 0.869549 -6.8018400000e-02
7.6600000000e-01 0.782926 -6.9249600000e-02
7.6800000000e-01 0.699747 -7.0348800000e-02
7.7000000000e-01 0.619083 -7.1328900000e-02
7.7200000000e-01 0.539663 -7.2200100000e-02
7.7400000000e-01 0.460566 -7.2961900000e-02
7.7600000000e-01 0.381429 -7.3611100000e-02
7.7800000000e-01 0.30192 -7.4144500000e-02
7.8000000000e-01 0.221773 -7.4558700000e-02
7.8200000000e-01 0.140832 -7.4850700000e-02
7.8400000000e-01 0.0595299 -7.5017700000e-02
7.8600000000e-01 -0.0211101 -7.5057300000e-02
7.8800000000e-01 -0.0999273 -7.4966700000e-02
7.9000000000e-01 -0.175614 -7.4743500000e-02
7.9200000000e-01 -0.246711 -7.4387400000e-02
7.9400000000e-01 -0.312682 -7.3908400000e-02
7.9600000000e-01 -0.374066 -7.3318700000e-02
7.9800000000e-01 -0.431582 -7.2630900000e-02
8.0000000000e-01 -0.48616 -7.1857100000e-02
8.0200000000e-01 -0.538986 -7.1007300000e-02
8.0400000000e-01 -0.59064 -7.0082000000e-02
8.0600000000e-01 -0.640923 -6.9079100000e-02
8.0800000000e-01 -0.689538 -6.7996500000e-02
8.1000000000e-01 -0.736061 -6.6832300000e-02
8.1200000000e-01 -0.779895 -6.5585900000e-02
8.1400000000e-01 -0.821071 -6.4262100000e-02
8.1600000000e-01 -0.8604 -6.2867400000e-02
8.1800000000e-01 -0.898803 -6.1407900000e-02
8.2000000000e-01 -0.937345 -5.9890000000e-02
8.2200000000e-01 -0.977259 -5.8317800000e-02
8.2400000000e-01 -1.01848 -5.6686100000e-02
8.2600000000e-01 -1.05942 -5.4987300000e-02
8.2800000000e-01 -1.09823 -5.3214100000e-02
8.3000000000e-01 -1.13277 -5.1359000000e-02
8.3200000000e-01 -1.16054 -4.9419300000e-02
8.3400000000e-01 -1.18047 -4.7411300000e-02
8.3600000000e-01 -1.19324 -4.5356100000e-02
8.3800000000e-01 -1.19983 -4.3275000000e-02
8.4000000000e-01 -1.2015 -4.1189100000e-02
8.4200000000e-01 -1.19994 -3.9115700000e-02
8.4400000000e-01 -1.19674 -3.7057400000e-02
8.4600000000e-01 -1.19314 -3.5013300000e-02
8.4800000000e-01 -1.19046 -3.2982100000e-02
8.5000000000e-01 -1.18997 -3.0962900000e-02
8.5200000000e-01 -1.19291 -2.8952800000e-02
8.5400000000e-01 -1.19895 -2.6942300000e-02
8.5600000000e-01 -1.20607 -2.4920300000e-02
8.5800000000e-01 -1.21191 -2.2875500000e-02
8.6000000000e-01 -1.21372 -2.0796800000e-02
8.6200000000e-01 -1.20833 -1.8679200000e-02
8.6400000000e-01 -1.19483 -1.6542100000e-02
8.6600000000e-01 -1.17498 -1.4411200000e-02
8.6800000000e-01 -1.15098 -1.2312000000e-02
8.7000000000e-01 -1.12551 -1.0270200000e-02
8.7200000000e-01 -1.10191 -8.3043900000e-03
8.7400000000e-01 -1.08203 -6.4047900000e-03
8.7600000000e-01 -1.06579 -4.5546100000e-03
8.7800000000e-01 -1.0529 -2.7370500000e-03
8.8000000000e-01 -1.04272 -9.3531400000e-04
8.8200000000e-01 -1.03418 8.6438000000e-04
8.8400000000e-01 -1.02572 2.6637500000e-03
8.8600000000e-01 -1.01539 4.4614900000e-03
8.8800000000e-01 -1.00106 6.2563100000e-03
8.9000000000e-01 -0.980471 8.0469000000e-03
8.9200000000e-01 -0.951244 9.8278200000e-03
8.9400000000e-01 -0.913576 1.1577000000e-02
8.9600000000e-01 -0.870553 1.3268300000e-02
8.9800000000e-01 -0.825799 1.4875600000e-02
9.0000000000e-01 -0.783558 1.6372600000e-02
9.0200000000e-01 -0.748773 1.7743300000e-02
9.0400000000e-01 -0.723041 1.9012100000e-02
9.0600000000e-01 -0.703975 2.0213600000e-02
9.0800000000e-01 -0.688553 2.1382500000e-02
9.1000000000e-01 -0.672987 2.2553200000e-02
9.1200000000e-01 -0.652558 2.3749700000e-02
9.1400000000e-01 -0.625297 2.4953200000e-02
9.1600000000e-01 -0.592689 2.6134500000e-02
9.1800000000e-01 -0.556694 2.7263900000e-02
9.2000000000e-01 -0.51988 2.8312300000e-02
9.2200000000e-01 -0.485597 2.9258200000e-02
9.2400000000e-01 -0.455559 3.0112400000e-02
9.2600000000e-01 -0.42931 3.0893900000e-02
9.2800000000e-01 -0.40614 3.1621500000e-02
9.3000000000e-01 -0.384986 3.2314200000e-02
9.3200000000e-01 -0.364315 3.2986600000e-02
9.3400000000e-01 -0.343058 3.3637000000e-02
9.3600000000e-01 -0.320899 3.4259700000e-02
9.3800000000e-01 -0.297563 3.4848700000e-02
9.4000000000e-01 -0.272862 3.5398300000e-02
9.4200000000e-01 -0.246755 3.5903000000e-02
9.4400000000e-01 -0.219554 3.6359100000e-02
9.4600000000e-01 -0.191885 3.6763500000e-02
9.4800000000e-01 -0.164465 3.7112900000e-02
9.5000000000e-01 -0.138106 3.7404200000e-02
9.5200000000e-01 -0.113711 3.7635900000e-02
9.5400000000e-01 -0.0917143 3.7814000000e-02
9.5600000000e-01 -0.0720076 3.7946000000e-02
9.5800000000e-01 -0.0543928 3.8039800000e-02
9.6000000000e-01 -0.0385639 3.8103100000e-02
9.6200000000e-01 -0.0240854 3.8142300000e-02
9.6400000000e-01 -0.0103307 3.8159200000e-02
9.6600000000e-01 0.00347779 3.8154500000e-02
9.6800000000e-01 0.0181765 3.8128700000e-02
9.7000000000e-01 0.0346556 3.8082400000e-02
9.7200000000e-01 0.0538507 3.8014400000e-02
9.7400000000e-01 0.0757491 3.7916700000e-02
9.7600000000e-01 0.0992785 3.7779200000e-02
9.7800000000e-01 0.123166 3.7592100000e-02
9.8000000000e-01 0.145911 3.7345300000e-02
9.8200000000e-01 0.165753 3.7033000000e-02
9.8400000000e-01 0.181624 3.6665000000e-02
9.8600000000e-01 0.193324 3.6255200000e-02
9.8800000000e-01 0.200773 3.5817300000e-02
9.9000000000e-01 0.204043 3.5365300000e-02
9.9200000000e-01 0.203405 3.4911700000e-02
9.9400000000e-01 0.200088 3.4464500000e-02
9.9600000000e-01 0.196285 3.4030400000e-02
9.9800000000e-01 0.19442 3.3616200000e-02
1.0000000000e+00 0.197166 3.3228600000e-02
1.0020000000e+00 0.207442 3.2868400000e-02
1.0040000000e+00 0.225465 3.2512000000e-02
1.0060000000e+00 0.248374 3.2130100000e-02
1.0080000000e+00 0.272749 3.1693100000e-02
1.0100000000e+00 0.294528 3.1171500000e-02
1.0120000000e+00 0.308907 3.0547200000e-02
1.0140000000e+00 0.314218 2.9846900000e-02
1.0160000000e+00 0.312584 2.9109000000e-02
1.0180000000e+00 0.30671 2.8371400000e-02
1.0200000000e+00 0.300025 2.7672500000e-02
1.0220000000e+00 0.296835 2.7039200000e-02
1.0240000000e+00 0.299217 2.6454700000e-02
1.0260000000e+00 0.306378 2.5891200000e-02
1.0280000000e+00 0.317154 2.5320600000e-02
1.0300000000e+00 0.329888 2.4715100000e-02
1.0320000000e+00 0.342283 2.4053300000e-02
1.0340000000e+00 0.352825 2.3340300000e-02
1.0360000000e+00 0.361176 2.2587700000e-02
1.0380000000e+00 0.367086 2.1807000000e-02
1.0400000000e+00 0.37046 2.1009800000e-02
1.0420000000e+00 0.37144 2.0206500000e-02
1.0440000000e+00 0.370483 1.9403000000e-02
1.0460000000e+00 0.368259 1.8603600000e-02
1.0480000000e+00 0.365538 1.7812900000e-02
1.0500000000e+00 0.363178 1.7035600000e-02
1.0520000000e+00 0.362114 1.6274100000e-02
1.0540000000e+00 0.36267 1.5522900000e-02
1.0560000000e+00 0.364481 1.4774600000e-02
1.0580000000e+00 0.367058 1.4021700000e-02
1.0600000000e+00 0.36977 1.3256700000e-02
1.0620000000e+00 0.371819 1.2474300000e-02
1.0640000000e+00 0.372737 1.1677700000e-02
1.0660000000e+00 0.3725 1.0872400000e-02
1.0680000000e+00 0.371131 1.0063600000e-02
1.0700000000e+00 0.368725 9.2568800000e-03
1.0720000000e+00 0.365475 8.4567600000e-03
1.0740000000e+00 0.361629 7.6649700000e-03
1.0760000000e+00 0.357449 6.8824500000e-03
1.0780000000e+00 0.353225 6.1101700000e-03
1.0800000000e+00 0.349262 5.3490600000e-03
1.0820000000e+00 0.345879 4.5994400000e-03
1.0840000000e+00 0.343065 3.8590300000e-03
1.0860000000e+00 0.34044 3.1249100000e-03
1.0880000000e+00 0.337554 2.3941500000e-03
1.0900000000e+00 0.333877 1.6638400000e-03
1.0920000000e+00 0.32879 9.3258900000e-04
1.0940000000e+00 0.322087 2.0524000000e-04
1.0960000000e+00 0.314056 -5.1183100000e-04
1.0980000000e+00 0.305066 -1.2122500000e-03
1.1000000000e+00 0.29558 -1.8896300000e-03
1.1020000000e+00 0.286176 -2.5391800000e-03
1.1040000000e+00 0.277329 -3.1624300000e-03
1.1060000000e+00 0.269338 -3.7625100000e-03
1.1080000000e+00 0.262494 -4.3425300000e-03
1.1100000000e+00 0.257071 -4.9056200000e-03
1.1120000000e+00 0.253305 -5.4552100000e-03
1.1140000000e+00 0.250763 -5.9960300000e-03
1.1160000000e+00 0.248291 -6.5331100000e-03
1.1180000000e+00 0.24458 -7.0714900000e-03
1.1200000000e+00 0.238158 -7.6162100000e-03
1.1220000000e+00 0.227372 -8.1683300000e-03
1.1240000000e+00 0.212068 -8.7129300000e-03
1.1260000000e+00 0.193823 -9.2311000000e-03
1.1280000000e+00 0.17452 -9.7039400000e-03
1.1300000000e+00 0.1564 -1.0112600000e-02
1.1320000000e+00 0.142117 -1.0445000000e-02
1.1340000000e+00 0.132744 -1.0717300000e-02
1.1360000000e+00 0.127424 -1.0952300000e-02
1.1380000000e+00 0.125005 -1.1173100000e-02
1.1400000000e+00 0.123973 -1.1402700000e-02
1.1420000000e+00 0.122365 -1.1658100000e-02
1.1440000000e+00 0.118783 -1.1933400000e-02
1.1460000000e+00 0.112662 -1.2216600000e-02
1.1480000000e+00 0.103501 -1.2496100000e-02
1.1500000000e+00 0.0909105 -1.2759900000e-02
1.1520000000e+00 0.0746741 -1.2996600000e-02
1.1540000000e+00 0.0555229 -1.3195700000e-02
1.1560000000e+00 0.035141 -1.3347200000e-02
1.1580000000e+00 0.0154428 -1.3441100000e-02
1.1600000000e+00 -0.0014144 -1.3467400000e-02
1.1620000000e+00 -0.0130226 -1.3421800000e-02
1.1640000000e+00 -0.0187453 -1.3324200000e-02
1.1660000000e+00 -0.0200026 -1.3200300000e-02
1.1680000000e+00 -0.0185693 -1.3075700000e-02
1.1700000000e+00 -0.0166402 -1.2976100000e-02
1.1720000000e+00 -0.0169041 -1.2919700000e-02
1.1740000000e+00 -0.0208014 -1.2893800000e-02
1.1760000000e+00 -0.0281719 -1.2878600000e-02
1.1780000000e+00 -0.0386479 -1.2853700000e-02
1.1800000000e+00 -0.0515852 -1.2799300000e-02
1.1820000000e+00 -0.0659782 -1.2698700000e-02
1.1840000000e+00 -0.0807931 -1.2550300000e-02
1.1860000000e+00 -0.0951394 -1.2355800000e-02
1.1880000000e+00 -0.108073 -1.2116900000e-02
1.1900000000e+00 -0.11862 -1.1835600000e-02
1.1920000000e+00 -0.125813 -1.1515600000e-02
1.1940000000e+00 -0.12951 -1.1168700000e-02
1.1960000000e+00 -0.130458 -1.0808400000e-02
1.1980000000e+00 -0.129587 -1.0448500000e-02
1.2000000000e+00 -0.128028 -1.0102700000e-02
1.2020000000e+00 -0.127139 -9.7808100000e-03
1.2040000000e+00 -0.12783 -9.4773400000e-03
1.2060000000e+00 -0.130422 -9.1829300000e-03
1.2080000000e+00 -0.13517 -8.8882400000e-03
1.2100000000e+00 -0.142231 -8.5839100000e-03
1.2120000000e+00 -0.151632 -8.2611500000e-03
1.2140000000e+00 -0.162888 -7.9132600000e-03
1.2160000000e+00 -0.175011 -7.5341100000e-03
1.2180000000e+00 -0.186885 -7.1175600000e-03
1.2200000000e+00 -0.197256 -6.6574600000e-03
1.2220000000e+00 -0.204736 -6.1512500000e-03
1.2240000000e+00 -0.20878 -5.6105800000e-03
1.2260000000e+00 -0.209822 -5.0507200000e-03
1.2280000000e+00 -0.208463 -4.4868900000e-03
1.2300000000e+00 -0.205503 -3.9343500000e-03
1.2320000000e+00 -0.20198 -3.4050400000e-03
1.2340000000e+00 -0.198602 -2.8977200000e-03
1.2360000000e+00 -0.19561 -2.4078400000e-03
1.2380000000e+00 -0.193206 -1.9308800000e-03
1.2400000000e+00 -0.191527 -1.4622900000e-03
1.2420000000e+00 -0.19061 -9.9791200000e-04
1.2440000000e+00 -0.19036 -5.3511200000e-04
1.2460000000e+00 -0.190591 -7.1626700000e-05
1.2480000000e+00 -0.191072 3.9480500000e-04
1.2500000000e+00 -0.191535 8.6644300000e-04
1.2520000000e+00 -0.19168 1.3447400000e-03
1.2540000000e+00 -0.191342 1.8279000000e-03
1.2560000000e+00 -0.190521 2.3133100000e-03
1.2580000000e+00 -0.189242 2.7983800000e-03
1.2600000000e+00 -0.187559 3.2805100000e-03
1.2620000000e+00 -0.185568 3.7574600000e-03
1.2640000000e+00 -0.183297 4.2285900000e-03
1.2660000000e+00 -0.180686 4.6936200000e-03
1.2680000000e+00 -0.177667 5.1522800000e-03
1.2700000000e+00 -0.174157 5.6043000000e-03
1.2720000000e+00 -0.170054 6.0490900000e-03
1.2740000000e+00 -0.165406 6.4848000000e-03
1.2760000000e+00 -0.160433 6.9092700000e-03
1.2780000000e+00 -0.155385 7.3203200000e-03
1.2800000000e+00 -0.150547 7.7158000000e-03
1.2820000000e+00 -0.146248 8.0944500000e-03
1.2840000000e+00 -0.14261 8.4587300000e-03
1.2860000000e+00 -0.139512 8.8120100000e-03
1.2880000000e+00 -0.136793 9.1576600000e-03
1.2900000000e+00 -0.134245 9.4990500000e-03
1.2920000000e+00 -0.131601 9.8386800000e-03
1.2940000000e+00 -0.128591 1.0175500000e-02
1.2960000000e+00 -0.124967 1.0507700000e-02
1.2980000000e+00 -0.120471 1.0833400000e-02
1.3000000000e+00 -0.114843 1.1150600000e-02
1.3020000000e+00 -0.107822 1.1456900000e-02
1.3040000000e+00 -0.0996454 1.1747500000e-02
1.3060000000e+00 -0.0910978 1.2017000000e-02
1.3080000000e+00 -0.0830726 1.2260000000e-02
1.3100000000e+00 -0.0765865 1.2471200000e-02
1.3120000000e+00 -0.0727924 1.2648400000e-02
1.3140000000e+00 -0.0717879 1.2802700000e-02
1.3160000000e+00 -0.0724471 1.2948400000e-02
1.3180000000e+00 -0.0734289 1.3100000000e-02
1.3200000000e+00 -0.07314 1.3271800000e-02
1.3220000000e+00 -0.0696926 1.3472400000e-02
1.3240000000e+00 -0.0625254 1.3687200000e-02
1.3260000000e+00 -0.052675 1.3895900000e-02
1.3280000000e+00 -0.0414319 1.4078100000e-02
1.3300000000e+00 -0.0303961 1.4213500000e-02
1.3320000000e+00 -0.021544 1.4288100000e-02
1.3340000000e+00 -0.0157288 1.4313900000e-02
1.3360000000e+00 -0.0123907 1.4309000000e-02
1.3380000000e+00 -0.0107715 1.4291600000e-02
1.3400000000e+00 -0.0098589 1.4280100000e-02
1.3420000000e+00 -0.00831723 1.4287900000e-02
1.3440000000e+00 -0.00541417 1.4309700000e-02
1.3460000000e+00 -0.00123778 1.4335400000e-02
1.3480000000e+00 0.00403293 1.4354800000e-02
1.3500000000e+00 0.01009 1.4357900000e-02
1.3520000000e+00 0.0164466 1.4336600000e-02
1.3540000000e+00 0.0227114 1.4291000000e-02
1.3560000000e+00 0.0286883 1.4223200000e-02
1.3580000000e+00 0.0341794 1.4135400000e-02
1.3600000000e+00 0.0389994 1.4029700000e-02
1.3620000000e+00 0.0429966 1.3908400000e-02
1.3640000000e+00 0.0461332 1.3774700000e-02
1.3660000000e+00 0.0484759 1.3631700000e-02
1.3680000000e+00 0.0501196 1.3482900000e-02
1.3700000000e+00 0.0511898 1.3331300000e-02
1.3720000000e+00 0.0518418 1.3180000000e-02
1.3740000000e+00 0.0523141 1.3029400000e-02
1.3760000000e+00 0.052926 1.2879800000e-02
1.3780000000e+00 0.0540199 1.2731300000e-02
1.3800000000e+00 0.0559611 1.2584100000e-02
1.3820000000e+00 0.0591363 1.2437200000e-02
1.3840000000e+00 0.0634706 1.2285800000e-02
1.3860000000e+00 0.0683705 1.2123600000e-02
1.3880000000e+00 0.0731427 1.1944600000e-02
1.3900000000e+00 0.0769808 1.1742700000e-02
1.3920000000e+00 0.0789503 1.1514800000e-02
1.3940000000e+00 0.0788451 1.1269400000e-02
1.3960000000e+00 0.0773199 1.1017900000e-02
1.3980000000e+00 0.0751732 1.0771900000e-02
1.4000000000e+00 0.0733761 1.0542800000e-02
1.4020000000e+00 0.0731051 1.0338000000e-02
1.4040000000e+00 0.0747967 1.0149400000e-02
1.4060000000e+00 0.0779765 9.9648800000e-03
1.4080000000e+00 0.082034 9.7722300000e-03
1.4100000000e+00 0.0861877 9.5593500000e-03
1.4120000000e+00 0.0894448 9.3176300000e-03
1.4140000000e+00 0.0912729 9.0526600000e-03
1.4160000000e+00 0.0917479 8.7735600000e-03
1.4180000000e+00 0.0910196 8.4894600000e-03
1.4200000000e+00 0.089339 8.2094900000e-03
1.4220000000e+00 0.0870921 7.9411000000e-03
1.4240000000e+00 0.0846409 7.6851000000e-03
1.4260000000e+00 0.0822544 7.4406100000e-03
1.4280000000e+00 0.0802137 7.2067800000e-03
1.4300000000e+00 0.0788025 6.9827300000e-03
1.4320000000e+00 0.0782924 6.7669900000e-03
1.4340000000e+00 0.0787143 6.5556500000e-03
1.4360000000e+00 0.0798434 6.3441600000e-03
1.4380000000e+00 0.0814004 6.1280100000e-03
1.4400000000e+00 0.0830456 5.9026700000e-03
1.4420000000e+00 0.0843735 5.6649700000e-03
1.4440000000e+00 0.085105 5.4172400000e-03
1.4460000000e+00 0.085129 5.1631700000e-03
1.4480000000e+00 0.084353 4.9064400000e-03
1.4500000000e+00 0.0827115 4.6507300000e-03
1.4520000000e+00 0.0801764 4.3996100000e-03
1.4540000000e+00 0.0768595 4.1561100000e-03
1.4560000000e+00 0.073008 3.9231100000e-03
1.4580000000e+00 0.0689053 3.7035300000e-03
1.4600000000e+00 0.0648722 3.5002600000e-03
1.4620000000e+00 0.0612667 3.3150800000e-03
1.4640000000e+00 0.0582743 3.1453600000e-03
1.4660000000e+00 0.0558756 2.9873400000e-03
1.4680000000e+00 0.054018 2.8372800000e-03
1.4700000000e+00 0.0526087 2.6914200000e-03
1.4720000000e+00 0.0515055 2.5466400000e-03
1.4740000000e+00 0.0505817 2.4023600000e-03
1.4760000000e+00 0.04975 2.2586200000e-03
1.4780000000e+00 0.0489196 2.1154900000e-03
1.4800000000e+00 0.0479998 1.9730000000e-03
1.4820000000e+00 0.0469062 1.8313900000e-03
1.4840000000e+00 0.0455812 1.6916200000e-03
1.4860000000e+00 0.0439931 1.5548600000e-03
1.4880000000e+00 0.0421163 1.4222600000e-03
1.4900000000e+00 0.0399327 1.2949600000e-03
1.4920000000e+00 0.0374313 1.1741100000e-03
1.4940000000e+00 0.0347619 1.0608000000e-03
1.4960000000e+00 0.0322485 9.5609100000e-04
1.4980000000e+00 0.030252 8.6105900000e-04
1.5000000000e+00 0.0291741 7.7677600000e-04
1.5020000000e+00 0.02946 7.0290900000e-04
1.5040000000e+00 0.0309204 6.3349700000e-04
1.5060000000e+00 0.0326456 5.6117800000e-04
1.5080000000e+00 0.0335904 4.7858500000e-04
1.5100000000e+00 0.0325547 3.7835400000e-04
1.5120000000e+00 0.028162 2.5772500000e-04
1.5140000000e+00 0.0203152 1.3234900000e-04
1.5160000000e+00 0.0104096 2.2485200000e-05
1.5180000000e+00 0.000101766 -5.1610600000e-05
1.5200000000e+00 -0.00864482 -6.9681200000e-05
1.5220000000e+00 -0.0135064 -1.9637300000e-05
1.5240000000e+00 -0.013564 7.7940600000e-05
1.5260000000e+00 -0.00961296 1.9430400000e-04
1.5280000000e+00 -0.00271275 3.0070500000e-04
1.5300000000e+00 0.00575036 3.6839600000e-04
1.5320000000e+00 0.00927716 3.7566700000e-04
1.5340000000e+00 0.0109965 3.2897200000e-04
1.5360000000e+00 0.0107613 2.4180100000e-04
1.5380000000e+00 0.00852356 1.2764600000e-04
1.5400000000e+00 0.00438094 0.0000000000e+00
1.5420000000e+00 0.00383728 0.0000000000e+00
1.5440000000e+00 0.00304421 0.0000000000e+00
1.5460000000e+00 0.00219011 0.0000000000e+00
1.5480000000e+00 0.00148937 0.0000000000e+00
1.5500000000e+00 0.00116909 0.0000000000e+00
1.5520000000e+00 0.000873698 0.0000000000e+00
1.5540000000e+00 0.000633457 0.0000000000e+00
1.5560000000e+00 0.000461155 0.0000000000e+00
1.5580000000e+00 0.000347313 0.0000000000e+00
1.5600000000e+00 0.000256342 0.0000000000e+00
1.5620000000e+00 0.000188004 0.0000000000e+00
1.5640000000e+00 0.000138692 0.0000000000e+00
1.5660000000e+00 0.000102993 0.0000000000e+00
1.5680000000e+00 7.59464e-05 0.0000000000e+00
1.5700000000e+00 5.59764e-05 0.0000000000e+00
1.5720000000e+00 4.13605e-05 0.0000000000e+00
1.5740000000e+00 3.05854e-05 0.0000000000e+00
1.5760000000e+00 2.25696e-05 0.0000000000e+00
1.5780000000e+00 1.66605e-05 0.0000000000e+00
1.5800000000e+00 1.2308e-05 0.0000000000e+00
1.5820000000e+00 9.09173e-06 0.0000000000e+00
1.5840000000e+00 6.71224e-06 0.0000000000e+00
1.5860000000e+00 4.95672e-06 0.0000000000e+00
1.5880000000e+00 3.66102e-06 0.0000000000e+00
1.5900000000e+00 2.70373e-06 0.0000000000e+00
1.5920000000e+00 1.99652e-06 0.0000000000e+00
1.5940000000e+00 0 0.0000000000e+00
1.5960000000e+00 0 0.0000000000e+00
1.5980000000e+00 0 0.0000000000e+00
1.6000000000e+00 0 0.0000000000e+00
