0.262666 4.55162 0.347396 21.1684 0.254138 0.100916
0.272666 4.55162 0.347396 21.1684 0.254138 0.100916
0.282666 4.55162 0.347396 21.1684 0.254138 0.100916
0.292666 4.55162 0.347396 21.1684 0.254138 0.100916
0.262666 4.65162 0.347396 21.1684 0.254138 0.100916
0.262666 4.75162 0.347396 21.1684 0.254138 0.100916
0.262666 4.85162 0.347396 21.1684 0.254138 0.100916
0.262666 4.95162 0.347396 21.1684 0.254138 0.100916
0.262666 4.55162 0.547396 21.1684 0.254138 0.100916
0.262666 4.55162 0.647396 21.1684 0.254138 0.100916
0.262666 4.55162 0.747396 21.1684 0.254138 0.100916
0.262666 4.55162 0.847396 21.1684 0.254138 0.100916
0.262666 4.55162 0.347396 22.1684 0.254138 0.100916
0.262666 4.55162 0.347396 23.1684 0.254138 0.100916
0.262666 4.55162 0.347396 24.1684 0.254138 0.100916
0.262666 4.55162 0.347396 21.1684 0.354138 0.100916
0.262666 4.55162 0.347396 21.1684 0.264138 0.100916
0.262666 4.55162 0.347396 21.1684 0.257138 0.100916
0.262666 4.55162 0.347396 21.1684 0.254138 0.200916
