 0.284073 3.80749 0.280984 8.77794 0.305602 0.072172
 0.294073 3.80749 0.280984 8.77794 0.305602 0.072172
 0.284073 3.81749 0.280984 8.77794 0.305602 0.072172
 0.284073 3.82749 0.280984 8.77794 0.305602 0.072172
 0.284073 3.83749 0.280984 8.77794 0.305602 0.072172
 0.284073 3.84749 0.280984 8.77794 0.305602 0.072172
 0.284073 3.85749 0.280984 8.77794 0.305602 0.072172
 0.284073 3.86749 0.280984 8.77794 0.305602 0.072172
 0.284073 3.87749 0.280984 8.77794 0.305602 0.072172
 0.284073 3.88749 0.280984 8.87794 0.305602 0.072172
 0.284073 3.80749 0.280984 8.97794 0.305602 0.072172
 0.284073 3.80749 0.280984 8.77794 0.315602 0.072172
 0.284073 3.80749 0.280984 8.77794 0.325602 0.072172
 0.284073 3.80749 0.280984 8.77794 0.335602 0.072172
 0.284073 3.80749 0.280984 8.77794 0.345602 0.072172
 0.284073 3.80749 0.280984 8.77794 0.305602 0.082172
 0.284073 3.80749 0.280984 8.77794 0.305602 0.092172
 0.284073 3.80749 0.280984 8.77794 0.365602 0.072172
 0.284073 3.80749 0.280984 8.77794 0.375602 0.072172
