 0.25783      5.78381      0.244551     7.77044      0.320057     0.0667159    
 0.26783      5.78381      0.244551     7.77044      0.320057     0.0667159    
 0.27783      5.78381      0.244551     7.77044      0.320057     0.0667159    
 0.28783      5.78381      0.244551     7.77044      0.320057     0.0667159    
 0.29783      5.78381      0.244551     7.77044      0.320057     0.0667159    
 0.25783      5.88381      0.244551     7.77044      0.320057     0.0667159    
 0.25783      5.98381      0.244551     7.77044      0.320057     0.0667159    
 0.25783      5.68381      0.244551     7.77044      0.320057     0.0667159    
 0.25783      5.58381      0.244551     7.77044      0.320057     0.0667159    
 0.25783      5.78381      0.243551     7.77044      0.320057     0.0667159    
 0.25783      5.78381      0.254551     7.77044      0.320057     0.0667159    
 0.25783      5.78381      0.264551     7.77044      0.320057     0.0667159    
 0.25783      5.78381      0.274551     7.77044      0.320057     0.0667159    
 0.25783      5.78381      0.284551     7.77044      0.320057     0.0667159    
 0.25783      5.78381      0.244551     7.87044      0.320057     0.0667159    
 0.25783      5.78381      0.244551     7.97044      0.320057     0.0667159    
 0.25783      5.78381      0.244551     7.77044      0.330057     0.0667159    
 0.25783      5.78381      0.244551     7.77044      0.340057     0.0667159    
 0.25783      5.78381      0.244551     7.77044      0.320057     0.1667159    
