# atomistic: 3-MMA cg: 3-MMA cgmap: mapping.xml
1 42 43 44 45
2 42 43 44 45
3 42 43 44 45
4 42 43 44 45
5 42 43 44 45
6 27 28 29 30 40 41 42 43 44 45 46 48 49 50 51
7 27 28 29 30 40 41 42 43 44 45 46 48 49 50 51
8 25 26 27 28 29 30 31 35 36 37 38 39 40 41 42 43 44 45 46 47 48 49 50 51 52 53
9 25 26 27 28 29 30 31 35 36 37 38 39 40 41 42 43 44 45 46 47 48 49 50 51 52 53
10 25 26 27 28 29 30 31 35 36 37 38 39 40 41 42 43 44 45 46 47 48 49 50 51 52 53
11 25 26 27 28 29 30 31 35 36 37 38 39 40 41 42 43 44 45 46 47 48 49 50 51 52 53
12 27 28 29 30 40 41 42 43 44 45 46 48 49 50 51
13 27 28 29 30 40 41 42 43 44 45 46 48 49 50 51
14 27 28 29 30 40 41 42 43 44 45 46 48 49 50 51
15 27 28 29 30 40 41 42 43 44 45 46 48 49 50 51
16 27 28 29 30 40 41 42 43 44 45 46 48 49 50 51
17 42 43 44 45
18 42 43 44 45
19 42 43 44 45
25 42 43 44 45
26 42 43 44 45
27 40 41 42 43 44 45 46 48 49 50 51
28 40 41 42 43 44 45 46 48 49 50 51
29 40 41 42 43 44 45 46 48 49 50 51
30 40 41 42 43 44 45 46 48 49 50 51
31 42 43 44 45
