0.223717 44.266   0.152273 110.882  0.193947 0.0788584
0.223718 44.266   0.152273 110.882  0.193947 0.0788584
0.223719 44.266   0.152273 110.882  0.193947 0.0788584
0.223717 44.267   0.152273 110.882  0.193947 0.0788584
0.223717 44.268   0.152273 110.882  0.193947 0.0788584
0.223717 44.269   0.152273 110.882  0.193947 0.0788584
0.223717 44.266   0.152274 110.882  0.193947 0.0788584
0.223717 44.266   0.152275 110.882  0.193947 0.0788584
0.223717 44.266   0.152276 110.882  0.193947 0.0788584
0.223717 44.266   0.152277 110.882  0.193947 0.0788584
0.223717 44.266   0.152278 110.882  0.193947 0.0788584
0.223717 44.266   0.152279 110.882  0.193947 0.0788584
0.223717 44.266   0.152273 110.883  0.193947 0.0788584
0.223717 44.266   0.152273 110.884  0.193947 0.0788584
0.223717 44.266   0.152273 110.885  0.193947 0.0788584
0.223717 44.266   0.152273 110.886  0.193947 0.0788584
0.223717 44.266   0.152273 110.882  0.193948 0.0788584
0.223717 44.266   0.152273 110.882  0.193949 0.0788584
0.223717 44.266   0.152273 110.882  0.193947 0.0788585
