0.22551  26.5908  0.123608 191.006  0.0864914 0.0979837
0.22552  26.5908  0.123608 191.006  0.0864914 0.0979837
0.22553  26.5908  0.123608 191.006  0.0864914 0.0979837
0.22554  26.5908  0.123608 191.006  0.0864914 0.0979837
0.22555  26.5908  0.123608 191.006  0.0864914 0.0979837
0.22556  26.5908  0.123608 191.006  0.0864914 0.0979837
0.22551  26.5909  0.123608 191.006  0.0864914 0.0979837
0.22551  26.5908  0.123609 191.006  0.0864914 0.0979837
0.22551  26.5908  0.123608 191.007  0.0864914 0.0979837
0.22551  26.5908  0.123608 191.008  0.0864914 0.0979837
0.22551  26.5908  0.123608 191.009  0.0864914 0.0979837
0.22551  26.5908  0.123608 191.006  0.0864915 0.0979837
0.22551  26.5908  0.123608 191.006  0.0864916 0.0979837
0.22551  26.5908  0.123608 191.006  0.0864917 0.0979837
0.22551  26.5908  0.123608 191.006  0.0864918 0.0979837
0.22551  26.5908  0.123608 191.006  0.0864919 0.0979837
0.22551  26.5908  0.123608 191.006  0.0864914 0.0979836
0.22551  26.5908  0.123608 191.006  0.0864914 0.0979838
0.22551  26.5908  0.123608 191.006  0.0864914 0.0979839
