0.251164 11.6308  0.176733 11.2729  0.32923  0.0540589
0.251165 11.6308  0.176733 11.2729  0.32923  0.0540589
0.251166 11.6308  0.176733 11.2729  0.32923  0.0540589
0.251167 11.6308  0.176733 11.2729  0.32923  0.0540589
0.251168 11.6308  0.176733 11.2729  0.32923  0.0540589
0.251169 11.6308  0.176733 11.2729  0.32923  0.0540589
0.251164 11.6309  0.176733 11.2729  0.32923  0.0540589
0.251164 11.6307  0.176733 11.2729  0.32923  0.0540589
0.251164 11.6306  0.176733 11.2729  0.32923  0.0540589
0.251164 11.6305  0.176733 11.2729  0.32923  0.0540589
0.251164 11.6304  0.176733 11.2729  0.32923  0.0540589
0.251164 11.6308  0.176734 11.2729  0.32923  0.0540589
0.251164 11.6308  0.176735 11.2729  0.32923  0.0540589
0.251164 11.6308  0.176736 11.2729  0.32923  0.0540589
0.251164 11.6308  0.176737 11.2729  0.32923  0.0540589
0.251164 11.6308  0.176733 11.2728  0.32923  0.0540589
0.251164 11.6308  0.176733 11.2727  0.32923  0.0540589
0.251164 11.6308  0.176733 11.2729  0.32924  0.0540589
0.251164 11.6308  0.176733 11.2729  0.32923  0.0540588
