 Coarse-grained water
0 3 2180
40.31 0.0 0.0 
0.0 40.31 0.0 
0.0 0.0 40.31 
CG 1 
7.995 -14.725 -17.785
CG 2 
-18.265 9.415 -2.545
CG 3 
-11.235 15.405 -11.915
CG 4 
2.915 -10.555 -15.445
CG 5 
-3.275 -11.215 -16.275
CG 6 
5.555 -7.385 -9.595
CG 7 
7.725 13.125 -20.025
CG 8 
12.715 -18.105 -6.475
CG 9 
-15.255 1.675 -2.645
CG 10 
-10.485 10.925 -1.725
CG 11 
-7.825 -16.665 -9.245
CG 12 
-13.525 -4.345 14.395
CG 13 
19.355 0.315 2.725
CG 14 
19.615 11.575 -11.095
CG 15 
-14.785 -11.215 16.305
CG 16 
1.135 18.375 14.525
CG 17 
-0.285 6.615 17.465
CG 18 
6.425 11.515 -17.875
CG 19 
-7.845 13.205 -9.175
CG 20 
-12.845 -6.055 -3.615
CG 21 
13.725 5.685 -3.385
CG 22 
-9.005 -17.085 19.765
CG 23 
11.555 11.795 2.515
CG 24 
-14.195 14.915 -7.855
CG 25 
8.885 -18.415 -10.695
CG 26 
-4.765 6.705 -18.125
CG 27 
-16.265 1.325 8.615
CG 28 
-15.605 7.845 4.155
CG 29 
-10.475 19.765 9.485
CG 30 
-17.595 19.235 9.715
CG 31 
-15.195 2.645 -13.925
CG 32 
7.795 14.955 -10.345
CG 33 
12.385 10.165 10.095
CG 34 
2.765 10.175 -2.855
CG 35 
-17.965 0.095 19.135
CG 36 
-10.695 17.995 -13.205
CG 37 
3.935 8.695 -12.425
CG 38 
16.955 18.725 12.985
CG 39 
14.765 -0.285 -11.915
CG 40 
-18.805 17.835 18.695
CG 41 
12.735 12.735 -1.565
CG 42 
13.215 -4.125 11.255
CG 43 
-15.035 -13.615 12.155
CG 44 
-15.075 -16.515 1.625
CG 45 
-13.065 -9.435 -1.045
CG 46 
7.885 -5.715 0.115
CG 47 
9.565 19.125 9.815
CG 48 
1.545 12.475 10.845
CG 49 
10.475 -11.215 -16.745
CG 50 
-17.755 -5.315 5.185
CG 51 
1.125 19.285 -1.235
CG 52 
16.005 19.775 -5.725
CG 53 
4.005 3.985 -7.355
CG 54 
11.615 -9.685 -4.475
CG 55 
20.085 -8.275 13.275
CG 56 
-14.115 -6.485 20.125
CG 57 
-4.785 15.735 -13.225
CG 58 
-7.845 -17.935 -5.445
CG 59 
-16.705 -15.345 4.715
CG 60 
-4.265 -17.635 -3.105
CG 61 
16.895 16.045 -13.425
CG 62 
17.615 6.945 20.135
CG 63 
-11.895 0.175 20.145
CG 64 
-11.945 15.425 -2.985
CG 65 
13.225 -6.265 1.945
CG 66 
-5.615 -18.505 -7.155
CG 67 
-0.385 14.735 -2.645
CG 68 
-14.525 -15.935 18.595
CG 69 
-12.585 5.605 -6.445
CG 70 
-10.815 13.765 15.225
CG 71 
1.005 -11.565 -5.405
CG 72 
3.125 20.065 -8.775
CG 73 
-7.175 14.635 3.225
CG 74 
2.165 13.235 -14.835
CG 75 
-16.865 12.245 0.085
CG 76 
17.785 19.665 -18.365
CG 77 
-9.045 -5.755 2.855
CG 78 
5.405 -3.015 -3.315
CG 79 
-17.655 4.585 0.125
CG 80 
-3.235 18.215 -7.125
CG 81 
-13.845 5.355 19.445
CG 82 
3.865 -0.495 8.895
CG 83 
2.005 -10.655 5.275
CG 84 
-0.095 14.155 -15.895
CG 85 
1.825 -11.485 7.905
CG 86 
-5.505 7.475 -11.815
CG 87 
19.595 -16.285 16.855
CG 88 
9.365 -12.815 -14.845
CG 89 
7.435 -4.265 13.865
CG 90 
17.305 19.295 4.705
CG 91 
3.545 4.135 7.875
CG 92 
-7.455 -3.625 2.985
CG 93 
-3.625 7.705 8.695
CG 94 
11.305 -17.815 -11.835
CG 95 
13.905 1.085 3.735
CG 96 
-15.025 -4.415 -11.795
CG 97 
10.715 -14.135 2.795
CG 98 
15.915 16.585 -10.955
CG 99 
4.915 0.915 17.625
CG 100 
13.355 -15.285 -7.145
CG 101 
9.625 -1.365 -7.385
CG 102 
4.805 -20.015 18.845
CG 103 
17.455 11.635 -17.615
CG 104 
-17.555 -13.355 13.315
CG 105 
5.545 11.575 -1.845
CG 106 
-10.695 -4.915 5.265
CG 107 
2.395 4.995 -17.965
CG 108 
-1.135 -0.275 11.225
CG 109 
-10.705 11.485 6.365
CG 110 
-13.345 -10.735 -5.525
CG 111 
-3.645 -14.955 8.205
CG 112 
2.185 4.595 19.405
CG 113 
17.895 9.305 -11.075
CG 114 
15.375 -4.255 -9.835
CG 115 
5.495 13.865 -9.535
CG 116 
-4.615 -14.745 19.105
CG 117 
4.335 -7.335 -7.105
CG 118 
-18.565 17.275 13.825
CG 119 
-0.615 -10.585 -8.365
CG 120 
-10.285 -5.185 -1.435
CG 121 
9.095 13.815 -12.505
CG 122 
7.225 14.985 9.645
CG 123 
16.885 -17.845 1.735
CG 124 
-0.275 -5.445 -19.995
CG 125 
-8.975 -5.395 13.385
CG 126 
-19.845 5.725 12.975
CG 127 
14.215 5.705 3.215
CG 128 
19.155 13.825 14.085
CG 129 
-13.085 10.475 1.725
CG 130 
-18.315 -9.115 -0.415
CG 131 
-0.915 12.285 16.545
CG 132 
-3.405 14.475 -4.915
CG 133 
-3.455 15.415 7.495
CG 134 
19.835 19.545 3.695
CG 135 
10.805 -14.165 -0.535
CG 136 
3.415 -7.185 -0.035
CG 137 
-15.145 -4.915 18.275
CG 138 
-13.975 -8.635 3.155
CG 139 
-18.955 5.345 3.185
CG 140 
-15.945 8.665 -18.695
CG 141 
-14.405 7.135 -12.855
CG 142 
7.765 -13.175 3.295
CG 143 
-11.005 -18.615 13.995
CG 144 
14.595 12.135 7.355
CG 145 
6.525 -17.805 3.785
CG 146 
19.265 -11.885 0.005
CG 147 
-12.365 -10.825 2.615
CG 148 
10.905 15.045 -0.695
CG 149 
-8.615 -15.485 5.935
CG 150 
13.025 19.195 11.655
CG 151 
10.175 -16.865 -4.215
CG 152 
2.985 -18.925 -19.525
CG 153 
6.725 -9.755 -0.785
CG 154 
7.895 12.975 -1.665
CG 155 
17.855 -4.335 5.295
CG 156 
2.095 -16.475 -19.215
CG 157 
12.435 7.815 -8.455
CG 158 
-0.815 -9.805 -20.115
CG 159 
1.955 -4.295 -15.875
CG 160 
6.205 2.675 11.005
CG 161 
-17.095 -1.835 17.625
CG 162 
19.935 14.875 -11.675
CG 163 
1.005 13.335 0.315
CG 164 
9.565 0.525 -11.995
CG 165 
6.535 -19.205 -12.495
CG 166 
-15.795 -13.865 1.075
CG 167 
13.095 13.515 -9.205
CG 168 
17.455 -16.965 -7.375
CG 169 
-16.485 0.585 -4.795
CG 170 
-5.075 -6.445 12.415
CG 171 
-16.695 3.775 3.335
CG 172 
-9.205 -0.565 -8.625
CG 173 
5.625 1.285 13.265
CG 174 
-1.685 -13.485 -13.705
CG 175 
15.485 14.435 -0.275
CG 176 
-2.565 -4.795 5.635
CG 177 
-4.725 -16.145 -8.825
CG 178 
-14.885 -11.985 2.895
CG 179 
-12.485 9.485 -19.785
CG 180 
-19.285 0.165 14.595
CG 181 
-13.275 16.725 -14.395
CG 182 
0.185 4.225 -12.985
CG 183 
6.645 1.825 -20.145
CG 184 
-5.715 6.735 -4.215
CG 185 
18.885 1.055 -10.235
CG 186 
-10.985 15.305 -19.715
CG 187 
-6.655 -3.305 -14.625
CG 188 
-13.045 8.995 -1.955
CG 189 
18.105 -7.565 5.155
CG 190 
-9.915 -18.675 -1.385
CG 191 
13.025 -17.775 -18.995
CG 192 
-3.955 4.095 6.225
CG 193 
13.135 -6.525 -7.165
CG 194 
7.355 -0.075 -5.615
CG 195 
-13.865 9.545 -13.895
CG 196 
5.615 -9.425 -3.405
CG 197 
-8.375 5.375 9.315
CG 198 
-7.885 3.255 -6.415
CG 199 
-16.735 19.785 14.135
CG 200 
-13.135 -16.885 -6.105
CG 201 
11.145 -19.305 12.145
CG 202 
17.775 -14.085 9.715
CG 203 
-14.385 5.425 3.115
CG 204 
11.285 19.805 5.235
CG 205 
6.765 1.025 -17.425
CG 206 
-3.175 -0.685 18.055
CG 207 
2.485 11.855 15.275
CG 208 
15.635 -19.265 -17.945
CG 209 
3.705 -19.225 -12.865
CG 210 
-1.845 5.555 -19.315
CG 211 
-6.905 -4.665 -7.195
CG 212 
6.775 19.005 -19.815
CG 213 
7.415 -6.855 -4.365
CG 214 
11.305 1.355 4.445
CG 215 
-15.145 4.565 -6.995
CG 216 
15.705 -12.685 -6.335
CG 217 
1.605 -1.385 -2.835
CG 218 
-12.855 -5.355 -13.105
CG 219 
-11.475 7.305 -12.545
CG 220 
13.105 12.655 -4.355
CG 221 
-17.175 -5.065 8.045
CG 222 
16.055 -4.825 -4.035
CG 223 
-11.515 -10.895 -7.885
CG 224 
9.045 -7.005 2.135
CG 225 
-1.735 -17.115 6.365
CG 226 
-13.165 -4.435 11.405
CG 227 
-10.825 -15.705 16.665
CG 228 
15.055 -6.945 -10.185
CG 229 
-9.835 -2.415 12.615
CG 230 
18.545 4.755 17.055
CG 231 
-17.675 13.045 16.905
CG 232 
17.795 -14.955 0.795
CG 233 
-18.915 -3.305 -8.455
CG 234 
5.125 12.775 19.415
CG 235 
16.425 16.635 -3.265
CG 236 
-6.905 4.035 -15.455
CG 237 
-1.965 -15.835 -20.155
CG 238 
12.665 -12.825 11.565
CG 239 
-15.125 12.065 -4.635
CG 240 
-13.515 14.195 -4.775
CG 241 
-12.905 -11.295 11.215
CG 242 
4.985 -14.965 -14.415
CG 243 
-0.405 9.335 0.385
CG 244 
7.215 5.215 -10.205
CG 245 
-4.295 -0.415 -10.605
CG 246 
14.905 8.595 11.255
CG 247 
7.865 1.135 -1.155
CG 248 
10.065 1.245 13.545
CG 249 
-12.625 -8.675 -3.545
CG 250 
1.215 3.895 -6.745
CG 251 
-11.215 -1.085 3.475
CG 252 
7.985 15.245 -3.115
CG 253 
1.855 -6.925 -14.365
CG 254 
12.665 -8.925 7.825
CG 255 
9.915 10.595 15.485
CG 256 
1.285 4.355 15.615
CG 257 
2.225 2.385 -13.595
CG 258 
9.495 14.005 5.665
CG 259 
18.235 14.885 16.695
CG 260 
13.995 -8.965 19.205
CG 261 
12.945 -5.935 6.305
CG 262 
-6.455 19.365 -4.305
CG 263 
-7.365 3.795 7.305
CG 264 
-18.395 13.875 -9.615
CG 265 
-9.665 -12.975 9.475
CG 266 
-1.295 -15.955 -2.515
CG 267 
-12.585 -10.145 -11.305
CG 268 
1.645 7.305 11.125
CG 269 
12.925 8.895 -4.765
CG 270 
11.705 4.295 -13.355
CG 271 
10.315 1.885 -14.105
CG 272 
-2.815 3.505 14.055
CG 273 
-7.385 8.465 1.225
CG 274 
-10.325 5.865 -4.995
CG 275 
16.455 -6.045 3.595
CG 276 
-6.725 -6.015 7.195
CG 277 
-3.625 1.565 -17.285
CG 278 
0.915 1.695 16.745
CG 279 
16.485 13.945 7.935
CG 280 
10.005 5.565 0.295
CG 281 
-18.355 -1.565 -13.465
CG 282 
-19.225 -17.235 12.755
CG 283 
-8.005 8.485 -14.605
CG 284 
-3.185 14.035 -10.095
CG 285 
-18.945 -15.225 -15.325
CG 286 
-8.385 -15.215 -1.865
CG 287 
6.095 -12.775 7.825
CG 288 
-19.255 -10.625 2.565
CG 289 
-4.235 -4.855 -3.235
CG 290 
-17.765 -4.025 -13.215
CG 291 
18.825 -12.445 -12.135
CG 292 
16.285 4.595 13.695
CG 293 
7.865 -16.675 20.125
CG 294 
12.635 4.425 7.685
CG 295 
-1.025 18.215 3.155
CG 296 
5.975 10.655 6.585
CG 297 
5.165 17.555 -10.025
CG 298 
-3.045 2.465 -7.155
CG 299 
8.555 -7.695 -1.835
CG 300 
-7.435 -15.535 -4.455
CG 301 
1.815 4.095 1.235
CG 302 
-11.655 19.835 5.305
CG 303 
-16.085 12.305 -15.885
CG 304 
19.975 9.365 -5.555
CG 305 
-14.225 13.305 3.105
CG 306 
-5.765 -11.015 4.685
CG 307 
-10.825 -13.515 1.155
CG 308 
-18.735 16.005 -7.125
CG 309 
2.895 6.975 -6.565
CG 310 
-0.905 9.495 19.455
CG 311 
4.815 -13.495 -5.305
CG 312 
5.405 8.495 8.645
CG 313 
-12.605 0.695 10.295
CG 314 
-2.135 9.095 17.055
CG 315 
-7.695 10.825 5.405
CG 316 
2.605 -7.645 8.525
CG 317 
14.705 3.285 18.395
CG 318 
-13.875 11.355 18.905
CG 319 
17.195 2.485 17.965
CG 320 
-6.835 -11.175 -12.385
CG 321 
-12.555 11.205 -12.235
CG 322 
-16.955 -17.235 -14.875
CG 323 
-11.985 12.385 0.105
CG 324 
13.175 -18.985 -3.795
CG 325 
-13.455 2.185 6.535
CG 326 
-13.255 -9.905 -18.995
CG 327 
3.425 -14.465 1.545
CG 328 
-13.725 5.015 -1.105
CG 329 
3.105 -11.895 2.795
CG 330 
4.445 -14.745 -19.685
CG 331 
-9.885 17.525 -10.585
CG 332 
-10.705 -1.445 10.015
CG 333 
3.725 12.245 -17.015
CG 334 
-1.265 5.515 -5.495
CG 335 
0.925 14.115 15.725
CG 336 
14.725 17.875 2.265
CG 337 
13.495 -0.865 -7.255
CG 338 
-2.055 13.285 -7.125
CG 339 
7.425 -1.305 13.915
CG 340 
18.135 7.425 -13.035
CG 341 
1.525 16.035 0.595
CG 342 
-15.115 5.575 -15.105
CG 343 
-18.745 14.295 7.725
CG 344 
7.575 -8.905 13.175
CG 345 
7.555 4.605 14.985
CG 346 
4.125 -9.865 7.585
CG 347 
-17.065 8.105 6.445
CG 348 
13.465 -7.695 -4.335
CG 349 
14.705 -12.195 1.175
CG 350 
-19.335 11.875 3.345
CG 351 
15.295 15.815 9.275
CG 352 
-19.295 -3.945 -5.935
CG 353 
17.235 16.505 -0.535
CG 354 
2.125 9.385 -17.005
CG 355 
8.195 -14.335 -12.485
CG 356 
-19.235 -17.365 18.965
CG 357 
10.135 -6.475 -6.975
CG 358 
-10.825 9.295 16.035
CG 359 
8.265 -16.045 4.615
CG 360 
12.105 15.975 17.985
CG 361 
-9.155 -7.375 -18.385
CG 362 
-15.525 7.755 -2.315
CG 363 
-3.085 -13.405 2.735
CG 364 
-5.545 5.565 9.295
CG 365 
11.435 4.245 14.955
CG 366 
10.045 -18.845 -5.695
CG 367 
17.435 -17.755 -13.555
CG 368 
1.135 10.375 16.955
CG 369 
19.115 16.825 18.705
CG 370 
6.645 -0.995 1.245
CG 371 
-3.745 19.155 5.795
CG 372 
-10.465 9.045 -6.655
CG 373 
7.375 17.155 -5.195
CG 374 
19.035 14.655 6.705
CG 375 
-15.575 14.795 15.595
CG 376 
-3.465 18.625 -2.415
CG 377 
15.615 5.265 -19.325
CG 378 
-18.035 -12.625 -5.105
CG 379 
6.805 -3.765 1.695
CG 380 
-1.465 5.625 14.655
CG 381 
10.925 -18.105 -8.855
CG 382 
5.225 5.515 -5.435
CG 383 
-4.775 15.925 -16.055
CG 384 
-2.165 -4.515 -12.555
CG 385 
-6.675 6.555 13.685
CG 386 
6.645 -8.655 7.165
CG 387 
-18.615 -9.475 -14.155
CG 388 
20.075 -5.415 -14.755
CG 389 
15.875 -9.715 -19.115
CG 390 
20.115 0.665 -0.475
CG 391 
-12.015 -12.685 -9.985
CG 392 
2.855 3.135 4.975
CG 393 
4.295 15.425 18.975
CG 394 
-4.035 -12.785 11.265
CG 395 
-14.395 13.755 -18.695
CG 396 
11.135 -11.865 0.985
CG 397 
6.155 -17.105 -18.035
CG 398 
-10.245 -8.675 -15.885
CG 399 
11.305 -9.675 -20.065
CG 400 
10.135 5.665 16.805
CG 401 
-19.185 -19.795 -14.065
CG 402 
15.495 -9.645 12.175
CG 403 
-0.845 17.535 -5.775
CG 404 
13.395 16.115 -1.175
CG 405 
-1.935 10.765 -18.195
CG 406 
6.035 3.245 -15.685
CG 407 
14.365 -1.215 -1.425
CG 408 
-2.155 -2.815 2.395
CG 409 
9.305 18.725 16.485
CG 410 
9.535 12.355 9.005
CG 411 
10.335 11.385 -1.215
CG 412 
-10.575 0.655 -2.315
CG 413 
-13.445 11.485 -9.595
CG 414 
2.255 5.825 5.045
CG 415 
-19.215 16.985 -13.035
CG 416 
-9.235 15.495 -2.085
CG 417 
12.055 12.705 8.425
CG 418 
-9.225 6.655 6.905
CG 419 
-16.965 12.315 12.915
CG 420 
16.605 11.555 -0.635
CG 421 
0.195 -2.045 4.305
CG 422 
0.755 -13.515 4.935
CG 423 
-10.055 -9.785 -4.095
CG 424 
7.865 -14.505 15.475
CG 425 
14.985 17.435 14.445
CG 426 
-6.845 -13.365 0.505
CG 427 
16.545 -16.875 -9.925
CG 428 
4.865 -3.845 20.005
CG 429 
16.645 18.675 16.775
CG 430 
0.865 6.365 2.685
CG 431 
11.125 -5.685 17.145
CG 432 
17.785 2.945 -11.785
CG 433 
-15.125 10.065 7.255
CG 434 
9.465 -18.765 -17.525
CG 435 
-12.685 -20.025 -12.095
CG 436 
18.075 -15.045 -15.615
CG 437 
19.775 4.715 5.395
CG 438 
14.035 9.355 4.265
CG 439 
0.315 -18.035 -6.435
CG 440 
15.075 2.405 -11.885
CG 441 
5.355 10.655 -11.045
CG 442 
-5.505 -17.355 3.315
CG 443 
8.875 -8.715 -8.115
CG 444 
5.185 -10.545 -13.945
CG 445 
10.465 -13.085 9.515
CG 446 
-0.015 6.435 -0.845
CG 447 
3.835 -1.355 14.645
CG 448 
-14.205 19.995 6.035
CG 449 
-6.115 18.385 -16.375
CG 450 
4.405 10.255 -6.835
CG 451 
1.805 -4.755 17.315
CG 452 
-2.405 9.795 -6.245
CG 453 
9.845 4.075 -10.145
CG 454 
0.735 -3.345 -7.995
CG 455 
-2.275 5.405 -12.585
CG 456 
-15.885 14.725 8.785
CG 457 
7.385 10.855 2.485
CG 458 
17.295 -7.495 -5.695
CG 459 
-0.675 -20.075 15.255
CG 460 
7.215 -7.105 -12.625
CG 461 
12.865 5.245 0.255
CG 462 
-18.675 -1.535 11.725
CG 463 
-12.255 -6.205 -6.075
CG 464 
-17.275 2.125 5.635
CG 465 
18.325 11.455 9.785
CG 466 
1.935 -14.165 15.325
CG 467 
8.475 16.165 16.085
CG 468 
18.705 -13.855 -19.605
CG 469 
13.155 -9.685 -15.775
CG 470 
-1.005 11.885 -4.345
CG 471 
-11.305 4.845 9.475
CG 472 
-11.255 7.455 0.075
CG 473 
-7.975 -5.155 -17.185
CG 474 
15.225 4.985 7.195
CG 475 
14.825 -16.535 -3.205
CG 476 
-17.975 6.565 10.065
CG 477 
3.335 19.675 -5.985
CG 478 
9.455 3.465 -3.915
CG 479 
-2.385 -15.235 11.795
CG 480 
3.285 12.155 1.915
CG 481 
19.825 -10.755 14.785
CG 482 
3.005 0.615 0.785
CG 483 
10.565 19.315 -18.835
CG 484 
18.055 13.675 -14.025
CG 485 
4.875 0.125 -15.125
CG 486 
-12.025 -18.095 -19.875
CG 487 
4.145 8.955 -15.165
CG 488 
5.975 -17.385 0.335
CG 489 
18.695 2.995 -0.455
CG 490 
13.565 8.815 19.065
CG 491 
-4.755 9.965 2.985
CG 492 
6.795 3.735 -7.965
CG 493 
13.635 19.085 -17.675
CG 494 
-16.195 4.005 15.295
CG 495 
-3.975 3.345 10.555
CG 496 
-18.085 -5.415 18.525
CG 497 
10.025 2.525 -7.855
CG 498 
3.045 9.025 7.585
CG 499 
-10.145 17.375 8.305
CG 500 
1.165 6.295 -4.505
CG 501 
1.085 -19.755 -4.535
CG 502 
0.735 -16.315 -16.765
CG 503 
-10.985 3.325 -3.335
CG 504 
15.825 -8.525 -1.145
CG 505 
-13.975 2.785 11.345
CG 506 
9.275 0.145 -18.625
CG 507 
10.785 -9.095 -0.975
CG 508 
-19.375 8.905 5.145
CG 509 
2.095 16.575 -2.065
CG 510 
8.895 10.745 -15.265
CG 511 
9.205 5.395 -6.735
CG 512 
15.165 -16.695 13.235
CG 513 
-18.995 -9.875 17.355
CG 514 
0.415 18.495 6.285
CG 515 
15.915 7.085 5.055
CG 516 
-18.085 4.225 -6.855
CG 517 
14.105 -7.275 -16.645
CG 518 
-9.845 -5.745 -7.785
CG 519 
-10.775 18.685 -1.065
CG 520 
-6.085 -11.715 -15.865
CG 521 
-4.745 0.385 -3.755
CG 522 
7.425 -3.895 -9.995
CG 523 
5.775 -6.635 14.845
CG 524 
-8.145 -17.315 2.125
CG 525 
2.795 -19.125 8.755
CG 526 
-6.725 15.195 -18.935
CG 527 
-18.645 -9.455 10.625
CG 528 
-18.645 13.185 -6.635
CG 529 
-4.925 4.185 -3.365
CG 530 
-12.885 -7.015 14.575
CG 531 
-12.185 -16.495 7.235
CG 532 
-3.015 17.745 13.565
CG 533 
-5.095 18.955 8.295
CG 534 
-1.285 -9.855 -0.555
CG 535 
-5.775 6.855 -7.035
CG 536 
-11.765 -16.585 4.655
CG 537 
18.235 2.225 5.635
CG 538 
-4.405 -18.685 -17.815
CG 539 
15.035 -19.605 5.255
CG 540 
8.265 7.255 18.035
CG 541 
-14.695 -7.185 -13.875
CG 542 
-11.265 -17.695 -11.995
CG 543 
5.785 14.825 2.155
CG 544 
-5.365 7.925 -14.575
CG 545 
-14.125 -7.805 8.975
CG 546 
18.535 17.025 -7.155
CG 547 
-18.775 11.485 -16.645
CG 548 
15.315 4.225 -13.815
CG 549 
12.435 -19.655 2.795
CG 550 
-4.975 -19.495 -9.875
CG 551 
19.255 -10.445 -13.785
CG 552 
4.335 3.955 2.005
CG 553 
3.425 14.965 3.335
CG 554 
8.525 5.815 8.905
CG 555 
-0.385 15.905 11.185
CG 556 
-2.925 7.575 -1.125
CG 557 
-10.255 -12.935 -19.665
CG 558 
11.515 17.135 -8.035
CG 559 
-6.885 -1.455 19.715
CG 560 
-12.435 1.945 -5.585
CG 561 
11.855 13.445 -15.935
CG 562 
9.085 -18.845 7.315
CG 563 
15.585 10.855 -4.675
CG 564 
9.085 10.315 18.155
CG 565 
-18.305 -12.025 19.165
CG 566 
-8.545 1.695 -11.945
CG 567 
14.265 -13.315 -17.885
CG 568 
13.735 -4.915 16.275
CG 569 
-2.415 -6.145 -7.355
CG 570 
-0.725 7.895 -11.235
CG 571 
17.755 14.665 11.405
CG 572 
-10.345 -13.395 -7.565
CG 573 
-9.145 -1.665 7.615
CG 574 
18.385 4.565 1.925
CG 575 
-15.105 -1.885 -1.685
CG 576 
16.935 14.215 -17.845
CG 577 
-2.805 12.925 -19.195
CG 578 
0.205 -3.435 -11.435
CG 579 
0.095 -18.435 10.445
CG 580 
3.145 12.715 -1.955
CG 581 
0.215 -3.955 6.205
CG 582 
3.505 18.385 12.795
CG 583 
-2.205 17.615 -17.865
CG 584 
18.785 -1.225 16.645
CG 585 
-2.825 -18.205 -0.815
CG 586 
0.815 8.605 -7.165
CG 587 
-9.305 -8.135 1.775
CG 588 
-5.955 -7.185 -12.915
CG 589 
15.795 17.045 4.605
CG 590 
5.975 -16.315 13.225
CG 591 
6.225 -2.855 -7.005
CG 592 
19.755 18.835 12.405
CG 593 
16.795 15.635 20.045
CG 594 
-7.265 14.075 9.105
CG 595 
2.535 1.445 19.115
CG 596 
-10.805 -6.715 18.175
CG 597 
-4.755 -14.985 4.385
CG 598 
0.225 0.495 2.165
CG 599 
-4.375 19.755 3.195
CG 600 
-14.365 -18.775 -16.315
CG 601 
-17.075 -11.595 11.165
CG 602 
-8.665 13.355 -17.115
CG 603 
-17.445 -19.505 3.555
CG 604 
-18.775 -18.915 5.885
CG 605 
4.455 -5.525 2.005
CG 606 
14.735 15.445 -8.015
CG 607 
0.945 -8.855 11.875
CG 608 
-17.445 1.555 -0.945
CG 609 
3.555 0.485 -3.045
CG 610 
5.925 17.545 9.105
CG 611 
-19.245 -16.365 4.395
CG 612 
-7.835 19.305 8.065
CG 613 
-12.235 11.395 14.785
CG 614 
-11.515 -7.875 -19.795
CG 615 
-8.065 -2.505 -5.665
CG 616 
-10.725 16.665 1.175
CG 617 
16.395 11.955 -7.195
CG 618 
-11.755 12.835 -17.515
CG 619 
11.345 -18.885 8.565
CG 620 
4.185 2.785 -10.225
CG 621 
-13.145 16.295 1.905
CG 622 
3.955 -12.655 -12.815
CG 623 
17.535 4.965 -9.545
CG 624 
6.265 8.115 -6.235
CG 625 
-4.815 -17.665 16.605
CG 626 
18.325 -18.805 -11.155
CG 627 
1.545 14.845 -10.735
CG 628 
-16.435 11.615 2.905
CG 629 
-4.315 -11.005 0.655
CG 630 
16.035 5.555 16.285
CG 631 
-14.865 20.015 18.025
CG 632 
0.295 -16.175 18.875
CG 633 
9.605 -2.595 -13.595
CG 634 
7.555 5.125 -2.575
CG 635 
2.695 -17.735 16.165
CG 636 
17.815 -8.875 -11.935
CG 637 
-3.965 11.635 0.935
CG 638 
-7.675 9.785 -3.725
CG 639 
12.885 -4.975 -15.465
CG 640 
-3.375 8.145 -3.945
CG 641 
-7.855 11.905 -6.555
CG 642 
17.335 -0.855 -11.175
CG 643 
13.695 6.225 -6.095
CG 644 
-6.505 -16.665 10.425
CG 645 
-13.425 -0.055 -7.605
CG 646 
15.345 19.125 -3.155
CG 647 
15.785 -13.665 19.895
CG 648 
18.615 10.275 -1.385
CG 649 
-10.815 2.985 14.835
CG 650 
9.915 9.145 -9.445
CG 651 
14.045 -7.725 14.015
CG 652 
-13.885 15.515 19.255
CG 653 
16.315 5.205 9.745
CG 654 
14.525 -19.275 14.935
CG 655 
12.645 1.685 -7.885
CG 656 
-4.005 -7.245 -4.315
CG 657 
19.745 11.615 -3.895
CG 658 
-14.955 0.745 12.775
CG 659 
15.935 -12.185 13.395
CG 660 
1.105 -18.595 -9.225
CG 661 
18.465 -1.735 -0.335
CG 662 
-1.545 -8.925 6.585
CG 663 
3.755 -2.835 10.455
CG 664 
-13.805 -1.565 7.805
CG 665 
16.285 -13.775 -9.065
CG 666 
-18.635 1.875 -3.335
CG 667 
11.975 -1.525 -14.585
CG 668 
11.965 7.845 -12.105
CG 669 
13.285 -9.395 -6.765
CG 670 
-2.185 -16.315 16.475
CG 671 
-12.425 -14.365 9.995
CG 672 
8.755 6.005 6.145
CG 673 
-2.345 -2.305 -15.875
CG 674 
3.115 6.275 15.375
CG 675 
-11.965 19.685 15.335
CG 676 
14.565 8.585 1.465
CG 677 
6.695 7.535 -12.145
CG 678 
-4.225 -1.295 11.485
CG 679 
-5.635 -13.225 -4.885
CG 680 
-3.115 6.495 4.085
CG 681 
10.355 -19.895 1.105
CG 682 
-16.545 -3.495 -15.895
CG 683 
-18.595 0.075 7.695
CG 684 
-12.195 -13.885 -1.365
CG 685 
-5.215 2.535 3.795
CG 686 
12.235 17.735 -4.005
CG 687 
9.175 14.145 -7.965
CG 688 
10.375 10.445 -4.195
CG 689 
19.085 -15.195 -6.425
CG 690 
-16.515 -13.035 -16.825
CG 691 
-4.485 15.965 20.145
CG 692 
-4.265 -3.405 -7.405
CG 693 
1.235 2.955 -3.975
CG 694 
4.725 1.675 -5.175
CG 695 
11.995 14.765 5.265
CG 696 
8.035 -6.375 12.215
CG 697 
17.995 -6.425 16.175
CG 698 
-15.815 17.955 -14.375
CG 699 
-15.765 12.605 10.525
CG 700 
9.145 19.925 -1.215
CG 701 
-7.025 -0.165 -10.185
CG 702 
11.265 17.585 7.095
CG 703 
7.635 11.535 -12.025
CG 704 
-14.815 13.825 -10.365
CG 705 
5.865 -13.885 -11.065
CG 706 
2.315 8.705 -0.655
CG 707 
-15.505 -16.895 -11.975
CG 708 
10.235 14.995 9.505
CG 709 
4.185 -12.945 11.395
CG 710 
-18.905 -14.925 15.285
CG 711 
-6.255 4.755 5.015
CG 712 
15.655 -8.705 8.515
CG 713 
-19.575 -3.195 16.875
CG 714 
2.875 11.825 -5.295
CG 715 
1.195 -9.005 -3.285
CG 716 
17.905 19.795 -3.375
CG 717 
-16.015 12.975 -2.255
CG 718 
14.645 17.465 -19.535
CG 719 
11.725 -2.235 0.815
CG 720 
-17.805 -7.425 3.025
CG 721 
7.125 -1.265 -10.995
CG 722 
13.925 10.685 12.785
CG 723 
-16.915 -7.715 9.275
CG 724 
0.355 -6.915 -9.545
CG 725 
11.635 0.165 17.615
CG 726 
-18.855 10.205 12.445
CG 727 
-14.345 15.235 5.135
CG 728 
-6.595 -16.105 -12.175
CG 729 
-18.875 -6.095 10.685
CG 730 
17.355 -10.245 -5.965
CG 731 
-16.595 0.275 15.565
CG 732 
7.915 -7.435 9.415
CG 733 
-9.855 17.555 -16.835
CG 734 
5.035 10.925 14.695
CG 735 
-15.945 -10.005 -5.345
CG 736 
12.815 15.375 -19.775
CG 737 
-6.245 -15.905 7.825
CG 738 
11.475 11.315 5.065
CG 739 
-19.475 -11.155 -10.575
CG 740 
16.775 -7.465 1.225
CG 741 
17.635 -3.395 -17.255
CG 742 
13.935 11.775 -16.925
CG 743 
0.885 -18.625 17.865
CG 744 
16.825 -11.845 3.015
CG 745 
-3.795 19.525 0.235
CG 746 
-2.975 2.645 -4.485
CG 747 
8.565 15.295 3.475
CG 748 
-5.375 6.905 -0.235
CG 749 
-17.235 7.075 -15.835
CG 750 
-10.175 14.085 1.275
CG 751 
19.415 10.015 16.935
CG 752 
-16.155 16.395 -12.185
CG 753 
15.355 19.865 0.045
CG 754 
-16.325 10.715 -13.635
CG 755 
3.385 2.225 -16.015
CG 756 
-9.715 15.255 -14.995
CG 757 
1.785 15.975 17.645
CG 758 
0.765 2.295 -9.005
CG 759 
14.805 -19.115 -7.655
CG 760 
10.965 3.405 2.495
CG 761 
20.025 6.155 -5.935
CG 762 
17.095 2.415 -15.165
CG 763 
-15.895 -12.905 -19.575
CG 764 
-4.805 5.525 -15.655
CG 765 
-17.875 -12.955 5.325
CG 766 
-1.235 7.515 10.325
CG 767 
19.495 5.535 -11.335
CG 768 
19.815 7.795 -0.935
CG 769 
19.005 2.245 -3.685
CG 770 
-20.135 -9.875 7.505
CG 771 
-12.145 -13.845 -17.435
CG 772 
-1.095 11.825 1.285
CG 773 
0.795 6.995 13.765
CG 774 
14.465 6.265 12.475
CG 775 
-7.145 6.985 -9.465
CG 776 
-4.925 -17.835 -13.315
CG 777 
-14.535 -20.055 -0.135
CG 778 
-14.725 -12.055 -11.215
CG 779 
-0.545 3.695 19.925
CG 780 
-3.735 -2.415 16.015
CG 781 
-19.015 4.435 19.605
CG 782 
-13.795 -13.135 14.695
CG 783 
-17.105 16.645 10.985
CG 784 
18.035 19.145 -0.445
CG 785 
14.335 -14.845 -12.665
CG 786 
4.315 9.615 0.885
CG 787 
-7.995 0.675 -0.515
CG 788 
-20.125 -2.755 13.905
CG 789 
-9.545 -19.495 -6.945
CG 790 
-14.005 -1.625 14.105
CG 791 
13.005 -1.595 11.925
CG 792 
-10.985 -8.505 -6.405
CG 793 
-13.055 -17.895 17.375
CG 794 
11.875 -11.615 7.565
CG 795 
15.545 -3.535 -18.885
CG 796 
-7.215 -9.805 9.685
CG 797 
-17.965 19.645 -19.445
CG 798 
16.845 -4.345 17.825
CG 799 
-12.665 -4.045 6.835
CG 800 
-2.455 14.955 -17.305
CG 801 
10.995 1.725 -0.825
CG 802 
-2.905 -12.945 5.735
CG 803 
0.405 0.835 -15.915
CG 804 
-10.355 -11.685 -15.195
CG 805 
19.105 -18.845 16.145
CG 806 
-5.775 -4.125 16.665
CG 807 
16.315 0.515 16.155
CG 808 
-13.545 9.555 12.795
CG 809 
0.885 -12.445 17.155
CG 810 
-4.335 11.965 -5.685
CG 811 
-19.125 -5.665 -17.215
CG 812 
-19.225 -19.655 14.065
CG 813 
7.175 15.285 0.055
CG 814 
-0.185 -11.375 13.455
CG 815 
-1.845 -3.325 -8.875
CG 816 
-15.255 -10.405 6.725
CG 817 
0.805 -10.485 -13.765
CG 818 
-11.915 4.825 12.235
CG 819 
7.475 -8.995 -10.685
CG 820 
18.365 10.365 -8.225
CG 821 
12.215 1.935 -4.075
CG 822 
9.845 9.165 4.955
CG 823 
13.385 18.295 -6.595
CG 824 
-8.295 -17.995 15.115
CG 825 
13.205 -0.025 1.205
CG 826 
14.545 -2.965 -16.265
CG 827 
-16.695 12.415 -19.185
CG 828 
-5.035 10.275 -3.805
CG 829 
-4.515 -5.795 -17.045
CG 830 
-18.195 -16.645 8.385
CG 831 
19.175 -2.885 2.175
CG 832 
-13.385 0.455 -1.275
CG 833 
-3.255 -17.055 -11.165
CG 834 
-12.235 -8.065 1.035
CG 835 
-12.015 -3.465 -3.615
CG 836 
-6.595 12.455 -2.385
CG 837 
-0.995 2.385 -17.915
CG 838 
-19.335 -18.525 -10.555
CG 839 
-15.925 -19.375 -4.205
CG 840 
12.405 10.945 -6.815
CG 841 
-17.535 19.055 -5.725
CG 842 
9.005 8.825 -17.625
CG 843 
19.905 9.015 19.505
CG 844 
-10.555 12.715 -5.905
CG 845 
-12.455 20.145 -17.885
CG 846 
2.685 -6.875 12.745
CG 847 
-1.495 -19.865 6.525
CG 848 
-14.535 -4.525 3.675
CG 849 
5.685 -9.405 -6.015
CG 850 
11.315 -17.105 -14.575
CG 851 
5.045 10.245 -19.965
CG 852 
6.015 1.225 8.825
CG 853 
17.555 -2.355 19.945
CG 854 
-8.125 18.545 -6.695
CG 855 
-13.575 2.455 -19.665
CG 856 
7.115 -16.895 -7.015
CG 857 
-16.725 -9.975 2.265
CG 858 
-8.535 1.675 -17.565
CG 859 
8.245 5.685 -15.245
CG 860 
-17.425 -1.195 -0.275
CG 861 
1.935 15.615 -7.255
CG 862 
0.415 -14.035 -4.285
CG 863 
5.805 -11.145 -10.275
CG 864 
-1.635 -3.175 -5.155
CG 865 
-12.575 -10.875 8.635
CG 866 
5.765 -9.415 -19.965
CG 867 
-7.205 -14.955 20.065
CG 868 
2.585 -2.355 7.155
CG 869 
14.185 -15.915 6.445
CG 870 
-6.375 15.145 0.505
CG 871 
17.495 -10.235 6.895
CG 872 
17.385 8.215 15.895
CG 873 
-14.395 -16.795 14.385
CG 874 
10.135 2.105 8.825
CG 875 
13.115 -2.835 -12.315
CG 876 
16.165 -7.055 -13.905
CG 877 
11.785 5.745 5.085
CG 878 
-9.875 -18.195 -15.665
CG 879 
15.635 -17.865 9.505
CG 880 
19.265 11.805 -19.495
CG 881 
16.625 18.425 -14.915
CG 882 
-8.715 11.525 16.185
CG 883 
-5.655 7.985 18.525
CG 884 
13.865 -9.695 0.445
CG 885 
-2.725 17.945 19.825
CG 886 
17.935 15.135 4.255
CG 887 
16.325 2.285 -1.595
CG 888 
13.475 -8.675 2.855
CG 889 
-18.455 1.135 -11.105
CG 890 
-12.715 8.905 7.295
CG 891 
5.005 -6.025 11.935
CG 892 
-18.385 -18.445 0.995
CG 893 
14.595 20.025 19.715
CG 894 
12.665 18.725 18.295
CG 895 
7.555 2.175 1.365
CG 896 
-20.005 12.485 -13.725
CG 897 
17.085 -8.315 17.785
CG 898 
-1.985 11.275 9.185
CG 899 
19.815 -13.155 2.435
CG 900 
-1.615 -4.745 -2.035
CG 901 
-18.335 5.675 15.035
CG 902 
12.835 1.425 8.365
CG 903 
12.385 8.245 6.345
CG 904 
9.695 -1.155 -0.825
CG 905 
-16.985 -6.695 -11.555
CG 906 
-0.185 17.705 -11.235
CG 907 
14.155 -9.265 -12.165
CG 908 
0.225 -12.175 19.635
CG 909 
-16.075 3.795 10.195
CG 910 
14.285 -10.485 9.925
CG 911 
-4.325 -5.485 2.115
CG 912 
-5.845 -5.155 19.315
CG 913 
-15.485 0.425 -19.855
CG 914 
-10.855 3.285 -14.865
CG 915 
3.835 9.345 5.055
CG 916 
2.495 -14.575 18.355
CG 917 
5.585 6.465 14.315
CG 918 
9.175 0.135 2.725
CG 919 
5.255 -10.305 3.425
CG 920 
-14.245 -16.855 -14.405
CG 921 
-6.895 -20.085 4.145
CG 922 
-16.205 1.785 1.555
CG 923 
13.175 13.175 11.505
CG 924 
-18.405 -6.665 -8.695
CG 925 
10.965 5.235 -2.285
CG 926 
-1.475 -19.135 -10.045
CG 927 
-7.295 9.515 -8.255
CG 928 
-12.255 13.035 -14.395
CG 929 
11.365 -6.205 -9.495
CG 930 
-5.065 10.555 -9.505
CG 931 
0.935 -8.855 -11.505
CG 932 
19.835 9.375 2.545
CG 933 
-9.165 19.535 3.055
CG 934 
-8.985 10.095 12.675
CG 935 
15.575 1.285 13.615
CG 936 
19.525 0.405 18.675
CG 937 
18.675 7.175 5.065
CG 938 
10.425 10.075 11.815
CG 939 
-3.335 10.965 11.795
CG 940 
-14.945 -5.045 -17.885
CG 941 
4.685 18.395 -1.155
CG 942 
-7.645 -19.335 -14.145
CG 943 
-0.705 2.305 7.005
CG 944 
12.205 4.615 -16.065
CG 945 
15.595 6.095 0.765
CG 946 
11.965 11.665 -11.605
CG 947 
-11.455 15.115 9.605
CG 948 
14.895 -9.845 15.575
CG 949 
-18.895 -1.685 -16.885
CG 950 
6.765 11.635 10.435
CG 951 
-0.325 11.395 -7.685
CG 952 
2.355 4.315 12.665
CG 953 
10.075 -0.915 11.565
CG 954 
-5.415 16.025 9.245
CG 955 
-15.045 -15.015 -6.005
CG 956 
-2.855 1.005 -19.975
CG 957 
-1.985 -16.685 9.515
CG 958 
-8.195 10.925 9.255
CG 959 
17.665 3.485 -18.225
CG 960 
-2.405 -6.525 9.275
CG 961 
-8.895 -15.625 -7.005
CG 962 
-1.885 12.395 3.795
CG 963 
-7.955 -19.165 -17.745
CG 964 
5.985 19.585 -5.325
CG 965 
-0.515 14.095 5.705
CG 966 
3.005 -15.125 5.865
CG 967 
4.625 14.455 6.015
CG 968 
10.975 -1.985 -17.915
CG 969 
-11.445 15.985 -5.975
CG 970 
-19.965 16.615 10.555
CG 971 
15.225 -15.015 3.025
CG 972 
-10.365 1.195 5.285
CG 973 
-7.815 15.765 -10.095
CG 974 
7.925 3.305 -13.805
CG 975 
-9.295 12.605 3.525
CG 976 
9.945 -7.925 6.835
CG 977 
-2.175 -17.095 -16.135
CG 978 
-10.765 -6.385 -14.355
CG 979 
-10.705 -10.665 4.935
CG 980 
-3.815 1.655 1.615
CG 981 
4.835 6.585 -19.665
CG 982 
-12.575 -4.955 16.855
CG 983 
11.775 -2.635 -6.045
CG 984 
19.195 -14.295 -8.895
CG 985 
-15.465 7.885 -8.105
CG 986 
-3.495 -15.675 -14.275
CG 987 
-4.415 -7.385 4.095
CG 988 
-16.745 -14.645 -11.075
CG 989 
11.385 -18.265 -1.775
CG 990 
-19.235 -0.695 -9.045
CG 991 
-20.025 16.655 -4.685
CG 992 
8.355 18.965 2.615
CG 993 
-7.135 18.775 19.005
CG 994 
5.075 5.345 -17.275
CG 995 
-6.125 2.615 -9.845
CG 996 
-10.905 18.765 -8.445
CG 997 
-18.045 -15.435 -0.575
CG 998 
11.285 14.895 15.705
CG 999 
-11.205 17.275 14.615
CG 1000 
13.205 8.485 15.925
CG 1001 
-11.775 -14.005 12.895
CG 1002 
19.995 17.545 -15.485
CG 1003 
1.535 -12.155 -11.445
CG 1004 
12.025 -11.565 13.985
CG 1005 
-5.645 -0.945 6.395
CG 1006 
10.545 -14.775 -6.045
CG 1007 
-7.845 -4.315 -0.275
CG 1008 
-6.765 -18.495 6.545
CG 1009 
-3.395 10.705 -14.945
CG 1010 
-1.295 -15.955 -5.725
CG 1011 
-15.765 0.425 -12.445
CG 1012 
-18.175 -1.675 -4.915
CG 1013 
-11.885 -15.445 -4.015
CG 1014 
11.565 -7.765 4.725
CG 1015 
-14.405 -6.045 -7.735
CG 1016 
15.285 11.845 -19.225
CG 1017 
14.285 6.005 18.225
CG 1018 
2.435 11.425 -12.825
CG 1019 
-6.155 10.395 14.755
CG 1020 
8.365 -0.135 9.375
CG 1021 
10.445 -3.915 -11.075
CG 1022 
-4.545 -9.475 -9.715
CG 1023 
1.225 5.275 8.675
CG 1024 
-18.395 3.985 -16.045
CG 1025 
-9.825 3.405 17.995
CG 1026 
-3.175 -8.655 1.665
CG 1027 
-0.935 -7.535 18.805
CG 1028 
19.375 -18.245 3.185
CG 1029 
-10.215 7.775 12.405
CG 1030 
-19.695 -7.325 16.555
CG 1031 
-18.965 -12.495 -8.295
CG 1032 
-0.845 -7.035 -15.355
CG 1033 
13.365 2.395 16.105
CG 1034 
-3.845 -13.055 -11.325
CG 1035 
-0.815 -12.735 7.725
CG 1036 
0.095 0.595 19.995
CG 1037 
8.085 -10.635 -3.855
CG 1038 
19.735 13.745 9.705
CG 1039 
2.785 -15.365 -5.675
CG 1040 
20.035 3.115 13.955
CG 1041 
-16.215 6.815 0.385
CG 1042 
-2.265 -10.665 -13.635
CG 1043 
7.035 13.735 12.345
CG 1044 
6.335 7.275 -15.925
CG 1045 
-18.825 9.245 9.975
CG 1046 
15.195 -13.045 9.735
CG 1047 
7.715 7.865 -8.535
CG 1048 
-6.685 -18.705 0.345
CG 1049 
14.505 -16.005 0.565
CG 1050 
7.435 17.895 -1.525
CG 1051 
0.795 -13.365 10.395
CG 1052 
2.905 -15.515 8.655
CG 1053 
-10.085 -15.675 -10.765
CG 1054 
-10.005 -9.695 14.865
CG 1055 
10.725 12.915 18.405
CG 1056 
2.155 -9.755 -8.695
CG 1057 
9.135 18.375 19.335
CG 1058 
-1.615 -0.685 -13.635
CG 1059 
3.875 6.375 -8.945
CG 1060 
17.845 -17.755 14.055
CG 1061 
-13.575 8.415 -10.625
CG 1062 
-15.665 10.495 14.355
CG 1063 
16.375 13.785 -4.485
CG 1064 
-17.715 -10.815 14.675
CG 1065 
-16.695 -8.655 17.905
CG 1066 
5.335 2.485 3.995
CG 1067 
-6.365 -2.635 -11.135
CG 1068 
5.335 -14.225 -16.985
CG 1069 
2.015 2.445 -18.305
CG 1070 
-14.065 -17.715 -9.685
CG 1071 
-7.135 -14.885 -15.615
CG 1072 
-14.425 19.515 10.635
CG 1073 
11.495 15.635 -12.765
CG 1074 
-3.825 13.105 6.135
CG 1075 
9.645 -9.585 8.885
CG 1076 
15.335 -16.865 -6.045
CG 1077 
-11.705 -2.365 -0.725
CG 1078 
-6.785 13.455 19.155
CG 1079 
1.245 -3.645 11.555
CG 1080 
-4.695 -5.835 -0.735
CG 1081 
4.605 -13.855 -2.305
CG 1082 
-15.955 -2.155 1.765
CG 1083 
-0.815 13.525 -11.025
CG 1084 
-16.575 -7.345 -6.385
CG 1085 
15.795 -18.875 17.505
CG 1086 
4.865 13.905 13.955
CG 1087 
16.265 7.365 -9.565
CG 1088 
2.125 12.325 -8.505
CG 1089 
-6.545 -9.505 1.385
CG 1090 
-16.105 0.665 -17.335
CG 1091 
12.675 -12.655 18.885
CG 1092 
13.165 18.805 8.845
CG 1093 
-0.285 -18.765 -0.325
CG 1094 
0.235 11.645 13.295
CG 1095 
-2.695 -13.235 0.015
CG 1096 
-9.315 5.575 2.405
CG 1097 
6.945 3.245 -5.265
CG 1098 
-20.055 -15.865 6.805
CG 1099 
-13.755 -1.655 19.985
CG 1100 
3.185 5.055 -3.335
CG 1101 
0.135 -6.845 6.385
CG 1102 
13.985 -6.245 -1.745
CG 1103 
9.685 18.235 -15.555
CG 1104 
5.545 -1.175 -17.235
CG 1105 
17.965 16.745 -17.165
CG 1106 
14.615 -7.375 17.255
CG 1107 
6.035 -11.165 17.955
CG 1108 
2.725 17.375 -4.615
CG 1109 
-10.575 -8.965 8.675
CG 1110 
8.695 14.855 18.485
CG 1111 
17.885 3.115 -6.235
CG 1112 
12.055 -5.405 20.035
CG 1113 
2.825 -16.405 3.205
CG 1114 
10.635 9.025 8.275
CG 1115 
1.765 13.175 4.505
CG 1116 
10.895 -5.245 2.865
CG 1117 
-5.525 -2.755 -1.135
CG 1118 
-14.995 -5.845 -1.825
CG 1119 
17.325 14.585 -7.875
CG 1120 
-0.875 7.455 -3.045
CG 1121 
14.405 0.955 -5.355
CG 1122 
19.315 -7.315 7.585
CG 1123 
10.935 -1.515 -3.235
CG 1124 
-9.145 14.865 6.215
CG 1125 
-13.705 -11.855 19.195
CG 1126 
-9.135 19.495 17.255
CG 1127 
10.185 9.305 -19.995
CG 1128 
-14.335 2.495 -16.535
CG 1129 
-3.475 10.655 7.055
CG 1130 
13.215 13.175 16.885
CG 1131 
-11.485 -1.225 14.465
CG 1132 
-14.905 8.455 16.395
CG 1133 
13.855 0.835 10.895
CG 1134 
-1.375 -13.225 -16.725
CG 1135 
-1.955 0.265 -0.455
CG 1136 
15.885 -1.465 6.705
CG 1137 
-19.365 3.285 -12.365
CG 1138 
-5.865 9.495 8.355
CG 1139 
2.695 8.365 -19.475
CG 1140 
-8.985 16.665 3.375
CG 1141 
8.665 17.835 -10.995
CG 1142 
20.125 -10.725 -6.285
CG 1143 
-14.955 3.425 17.915
CG 1144 
-2.285 -18.385 18.505
CG 1145 
-14.505 17.215 9.065
CG 1146 
-17.595 15.285 -0.215
CG 1147 
16.615 -0.065 3.005
CG 1148 
-6.605 -0.475 -14.825
CG 1149 
-3.785 3.685 -10.885
CG 1150 
11.775 19.945 15.905
CG 1151 
11.545 11.045 -14.295
CG 1152 
7.635 -0.715 -13.875
CG 1153 
4.565 19.765 7.115
CG 1154 
0.145 9.475 4.965
CG 1155 
11.715 -16.755 17.045
CG 1156 
5.015 -11.505 -7.685
CG 1157 
-8.915 -3.845 -19.815
CG 1158 
-3.515 -7.305 6.915
CG 1159 
-15.645 9.045 1.835
CG 1160 
-15.075 -16.765 10.445
CG 1161 
6.545 9.665 18.135
CG 1162 
6.965 2.495 -11.065
CG 1163 
16.225 11.545 -14.645
CG 1164 
4.805 -5.775 -4.315
CG 1165 
-3.565 10.365 -1.415
CG 1166 
-9.325 9.825 3.355
CG 1167 
17.385 17.355 10.335
CG 1168 
12.135 1.715 19.665
CG 1169 
16.365 5.405 -6.705
CG 1170 
15.355 19.945 -10.045
CG 1171 
-17.415 -4.305 12.605
CG 1172 
13.605 2.755 -1.635
CG 1173 
5.825 12.505 0.765
CG 1174 
18.665 -18.795 -5.765
CG 1175 
2.665 -3.555 0.725
CG 1176 
-0.775 -12.165 2.595
CG 1177 
-9.205 -3.495 -15.355
CG 1178 
14.525 -8.315 6.075
CG 1179 
10.925 8.225 -1.245
CG 1180 
13.995 -12.405 -3.365
CG 1181 
16.975 -0.275 -15.045
CG 1182 
-18.045 18.975 -16.795
CG 1183 
2.955 15.445 -13.455
CG 1184 
5.365 13.485 -12.775
CG 1185 
-4.805 -6.715 -9.315
CG 1186 
-13.815 -8.285 -9.605
CG 1187 
-2.905 -0.655 -5.445
CG 1188 
19.995 -6.985 -0.585
CG 1189 
14.975 -16.175 19.735
CG 1190 
4.725 7.315 11.065
CG 1191 
-11.005 1.985 12.425
CG 1192 
4.085 -8.155 -13.225
CG 1193 
19.495 -6.025 -6.735
CG 1194 
19.115 -19.995 -15.885
CG 1195 
2.555 -16.475 -8.375
CG 1196 
2.785 -12.595 -18.795
CG 1197 
-1.085 -7.805 -5.495
CG 1198 
-4.715 -15.045 -0.495
CG 1199 
5.645 5.855 8.255
CG 1200 
-15.875 17.545 6.245
CG 1201 
7.495 7.455 -19.655
CG 1202 
10.845 3.765 12.415
CG 1203 
19.155 0.045 6.815
CG 1204 
4.125 4.665 10.685
CG 1205 
-6.075 -3.495 -18.805
CG 1206 
-4.685 15.245 16.605
CG 1207 
14.915 3.795 -9.585
CG 1208 
16.325 -11.725 -11.145
CG 1209 
9.075 -4.115 -7.625
CG 1210 
-6.505 -19.205 -2.285
CG 1211 
-7.435 9.655 -12.405
CG 1212 
-18.315 7.125 18.915
CG 1213 
-19.035 -4.975 -3.215
CG 1214 
15.475 -10.915 -16.785
CG 1215 
-5.915 7.415 4.125
CG 1216 
-14.265 -9.825 -14.495
CG 1217 
-10.585 13.555 12.505
CG 1218 
7.575 -10.035 4.935
CG 1219 
17.765 19.295 8.285
CG 1220 
-15.005 -5.525 6.205
CG 1221 
13.125 13.655 0.925
CG 1222 
-12.015 8.155 2.795
CG 1223 
-7.075 11.735 11.635
CG 1224 
-15.285 16.095 -0.875
CG 1225 
-4.805 15.035 -1.735
CG 1226 
-4.865 -3.805 6.465
CG 1227 
-9.035 8.335 -0.985
CG 1228 
-3.225 -11.335 16.775
CG 1229 
-16.605 -20.075 -15.215
CG 1230 
-8.095 14.155 15.545
CG 1231 
-14.285 -14.195 -15.725
CG 1232 
12.785 -18.975 -16.445
CG 1233 
2.405 -12.215 -7.695
CG 1234 
-4.685 8.875 12.745
CG 1235 
-12.435 -19.135 3.065
CG 1236 
8.865 8.985 -11.855
CG 1237 
-5.795 14.375 12.405
CG 1238 
7.655 19.565 -17.155
CG 1239 
8.425 1.775 15.755
CG 1240 
3.755 2.545 -0.935
CG 1241 
-19.995 -17.785 10.185
CG 1242 
1.115 15.705 13.325
CG 1243 
2.825 -1.525 4.505
CG 1244 
-17.775 -9.935 5.575
CG 1245 
2.355 -4.725 -9.705
CG 1246 
-0.775 -16.465 -12.395
CG 1247 
-0.395 -14.035 13.205
CG 1248 
3.185 19.105 1.175
CG 1249 
10.105 7.635 -14.305
CG 1250 
3.315 -19.325 14.165
CG 1251 
16.915 -15.715 6.815
CG 1252 
-1.755 -17.205 3.545
CG 1253 
7.425 10.625 -5.155
CG 1254 
11.955 -2.875 3.405
CG 1255 
-7.015 -8.635 3.965
CG 1256 
-14.265 6.495 13.115
CG 1257 
-5.145 2.665 8.095
CG 1258 
-7.665 16.155 -12.975
CG 1259 
-14.655 3.905 -11.035
CG 1260 
-9.565 -19.725 11.835
CG 1261 
11.165 16.675 -17.415
CG 1262 
-8.505 4.235 -18.505
CG 1263 
-5.815 -13.605 -13.305
CG 1264 
-12.675 2.875 -12.995
CG 1265 
9.865 4.725 -17.375
CG 1266 
19.945 7.865 14.695
CG 1267 
-18.755 6.685 -9.695
CG 1268 
5.745 9.755 12.215
CG 1269 
1.545 17.815 3.035
CG 1270 
18.885 -0.665 -17.165
CG 1271 
5.395 -15.795 -9.045
CG 1272 
9.615 6.865 -4.315
CG 1273 
-5.145 12.835 3.535
CG 1274 
-7.965 9.005 19.105
CG 1275 
8.045 18.315 7.525
CG 1276 
0.855 -5.655 -0.155
CG 1277 
-14.825 -3.695 9.045
CG 1278 
12.965 15.275 7.745
CG 1279 
-2.155 -9.175 -3.155
CG 1280 
-13.125 18.155 -2.965
CG 1281 
-6.965 -10.915 -9.405
CG 1282 
-16.235 -12.955 -9.005
CG 1283 
-16.505 9.635 -4.695
CG 1284 
-16.655 10.565 18.965
CG 1285 
-16.725 -19.155 7.885
CG 1286 
16.635 -11.225 -3.405
CG 1287 
13.985 -12.965 4.405
CG 1288 
-13.445 -2.855 -8.935
CG 1289 
-3.065 7.545 -7.535
CG 1290 
16.785 -4.695 -6.845
CG 1291 
7.025 7.765 -3.705
CG 1292 
8.925 13.135 15.125
CG 1293 
12.525 5.215 10.425
CG 1294 
-5.305 -7.565 -6.905
CG 1295 
-11.335 12.455 19.915
CG 1296 
19.825 -4.025 9.565
CG 1297 
11.235 7.425 -16.595
CG 1298 
18.205 19.595 18.855
CG 1299 
-19.065 -15.175 -4.675
CG 1300 
-5.945 11.575 -14.905
CG 1301 
19.285 -1.085 -13.525
CG 1302 
-6.965 3.725 12.945
CG 1303 
-5.675 1.345 -7.395
CG 1304 
8.545 -9.405 -16.505
CG 1305 
-13.745 -0.455 -10.565
CG 1306 
-7.615 16.375 17.165
CG 1307 
16.065 12.515 11.305
CG 1308 
17.985 -16.645 9.115
CG 1309 
11.565 -10.095 10.985
CG 1310 
-15.885 17.865 -8.055
CG 1311 
8.895 13.385 -15.405
CG 1312 
5.255 -6.095 6.125
CG 1313 
-9.395 -15.235 13.335
CG 1314 
4.045 -18.865 -16.865
CG 1315 
2.555 19.445 5.105
CG 1316 
-17.915 19.265 -11.695
CG 1317 
0.025 -8.265 9.205
CG 1318 
-13.485 16.315 -17.005
CG 1319 
-7.985 17.975 -18.845
CG 1320 
9.425 -11.595 6.385
CG 1321 
-13.695 -8.915 12.495
CG 1322 
11.575 -15.345 12.455
CG 1323 
-9.935 -12.605 6.615
CG 1324 
-2.765 -5.015 -15.175
CG 1325 
-7.895 1.035 7.195
CG 1326 
13.885 -13.255 16.195
CG 1327 
6.345 17.165 -14.785
CG 1328 
12.615 -15.165 -3.355
CG 1329 
-5.135 -4.705 -12.335
CG 1330 
-12.415 5.115 15.695
CG 1331 
-0.235 11.715 -1.905
CG 1332 
13.855 -13.245 7.045
CG 1333 
8.595 -18.055 2.075
CG 1334 
5.405 7.025 1.255
CG 1335 
-15.295 17.805 20.115
CG 1336 
-16.145 5.545 -3.665
CG 1337 
-17.575 7.215 -5.445
CG 1338 
0.245 -15.385 7.585
CG 1339 
2.015 4.145 -11.195
CG 1340 
1.045 -3.035 -5.365
CG 1341 
3.695 -7.895 -2.775
CG 1342 
1.525 15.795 6.175
CG 1343 
17.635 7.285 2.385
CG 1344 
11.815 -12.145 -18.805
CG 1345 
-6.705 -3.495 9.565
CG 1346 
0.905 -1.555 -14.315
CG 1347 
6.355 -19.995 13.635
CG 1348 
-5.585 -15.165 16.615
CG 1349 
5.435 -9.455 15.595
CG 1350 
14.405 10.665 -8.645
CG 1351 
1.115 -13.915 -14.155
CG 1352 
-13.985 10.625 -16.515
CG 1353 
-4.095 5.925 19.645
CG 1354 
0.275 -16.195 2.105
CG 1355 
-16.585 -8.975 -2.755
CG 1356 
3.995 14.025 -6.575
CG 1357 
2.345 -4.735 -12.645
CG 1358 
-19.915 -17.765 -4.005
CG 1359 
-1.515 16.265 1.245
CG 1360 
15.455 -17.805 -0.915
CG 1361 
-6.225 3.845 19.955
CG 1362 
9.645 -14.505 19.835
CG 1363 
-13.225 8.025 -17.415
CG 1364 
7.125 -19.345 9.965
CG 1365 
2.815 18.775 18.285
CG 1366 
-0.285 16.425 -14.645
CG 1367 
-8.385 1.115 11.735
CG 1368 
11.445 -7.705 12.015
CG 1369 
12.545 -3.315 -2.195
CG 1370 
5.195 8.895 -2.155
CG 1371 
-17.525 -15.785 -6.725
CG 1372 
-8.915 -7.405 -9.715
CG 1373 
-0.685 -1.355 -17.905
CG 1374 
13.935 -16.115 -14.935
CG 1375 
-6.365 -6.865 -15.535
CG 1376 
-0.525 -9.295 -16.585
CG 1377 
-7.105 -1.545 16.845
CG 1378 
-14.245 14.635 -13.065
CG 1379 
6.485 12.585 -7.025
CG 1380 
-16.215 14.135 18.925
CG 1381 
-15.195 -6.565 12.395
CG 1382 
3.645 -4.415 15.015
CG 1383 
-10.225 -7.115 15.245
CG 1384 
-11.805 6.425 -2.695
CG 1385 
6.645 -9.425 10.535
CG 1386 
9.765 -4.775 5.395
CG 1387 
7.895 -2.415 -16.965
CG 1388 
11.755 19.135 -14.035
CG 1389 
13.195 -0.445 -19.105
CG 1390 
2.005 -8.785 -17.405
CG 1391 
8.665 -9.055 -19.415
CG 1392 
-12.515 18.345 17.635
CG 1393 
16.915 9.335 13.425
CG 1394 
8.125 -11.085 -6.595
CG 1395 
-9.075 -13.305 -12.155
CG 1396 
-2.285 -6.515 -10.315
CG 1397 
8.845 16.045 -19.065
CG 1398 
-10.985 11.985 -8.475
CG 1399 
-2.055 -11.005 -10.795
CG 1400 
-17.725 5.295 -18.395
CG 1401 
-18.065 16.375 -2.825
CG 1402 
-10.895 3.235 -19.745
CG 1403 
10.875 -14.275 -11.265
CG 1404 
14.955 3.095 -6.935
CG 1405 
-2.415 4.265 -15.285
CG 1406 
10.385 -6.875 -4.345
CG 1407 
10.685 7.055 10.065
CG 1408 
-16.195 16.875 17.605
CG 1409 
1.685 -8.075 16.395
CG 1410 
5.995 -0.655 -1.475
CG 1411 
-16.735 -19.405 11.605
CG 1412 
12.075 6.655 13.855
CG 1413 
9.705 9.795 0.825
CG 1414 
0.605 2.945 3.355
CG 1415 
7.415 -18.195 -1.835
CG 1416 
2.745 -3.595 -1.905
CG 1417 
-16.425 18.335 3.695
CG 1418 
-18.085 9.905 16.745
CG 1419 
4.705 18.855 -16.515
CG 1420 
-13.465 -19.075 -2.535
CG 1421 
7.945 10.455 8.335
CG 1422 
-3.485 2.015 16.275
CG 1423 
-7.695 19.055 13.325
CG 1424 
-18.535 -4.885 1.665
CG 1425 
-11.765 2.135 -17.245
CG 1426 
-15.195 -2.935 12.115
CG 1427 
-9.185 -17.035 11.205
CG 1428 
-18.685 17.945 6.205
CG 1429 
-10.525 -18.485 17.755
CG 1430 
-2.825 -10.175 13.735
CG 1431 
-20.025 -1.865 -19.625
CG 1432 
-2.955 8.725 -16.395
CG 1433 
15.925 -6.845 -18.765
CG 1434 
14.505 9.365 8.255
CG 1435 
2.415 -11.085 10.385
CG 1436 
-12.055 7.565 14.355
CG 1437 
-0.985 9.545 12.285
CG 1438 
-17.995 -10.215 -18.775
CG 1439 
-1.625 -5.895 3.055
CG 1440 
5.125 16.595 11.415
CG 1441 
-17.195 7.975 15.215
CG 1442 
-15.135 -19.755 -8.005
CG 1443 
-4.515 16.435 4.175
CG 1444 
-17.155 16.425 -18.485
CG 1445 
14.855 -5.455 19.765
CG 1446 
7.045 -16.545 -13.905
CG 1447 
12.785 11.085 15.215
CG 1448 
-14.345 7.435 -5.515
CG 1449 
17.945 18.745 -11.555
CG 1450 
20.065 -15.145 -12.955
CG 1451 
3.615 11.005 18.085
CG 1452 
18.015 -3.785 -14.585
CG 1453 
-17.105 7.565 12.505
CG 1454 
10.065 13.125 -5.205
CG 1455 
-14.075 -8.195 5.865
CG 1456 
1.825 18.055 -13.745
CG 1457 
16.285 -12.695 17.175
CG 1458 
-4.265 12.955 18.675
CG 1459 
15.165 -0.845 9.305
CG 1460 
5.035 -4.735 -9.105
CG 1461 
-12.835 -3.215 -18.275
CG 1462 
-8.105 4.475 -9.405
CG 1463 
-6.905 8.525 -18.555
CG 1464 
2.785 1.335 12.385
CG 1465 
-6.235 -13.075 7.455
CG 1466 
11.435 12.795 13.465
CG 1467 
-3.405 -13.175 -18.605
CG 1468 
-15.475 -19.685 -11.845
CG 1469 
7.305 15.275 -16.475
CG 1470 
0.265 3.045 9.895
CG 1471 
18.445 -5.975 -18.625
CG 1472 
7.335 15.325 6.255
CG 1473 
-3.575 8.295 -10.145
CG 1474 
2.165 17.875 -17.285
CG 1475 
0.455 -16.445 15.105
CG 1476 
-10.585 -5.225 11.205
CG 1477 
-15.525 -18.555 -19.015
CG 1478 
-16.865 -13.005 16.725
CG 1479 
-14.825 13.105 6.905
CG 1480 
-1.415 0.015 16.215
CG 1481 
-8.615 -18.385 -11.525
CG 1482 
-19.935 -8.405 -11.135
CG 1483 
-2.375 -2.195 -11.375
CG 1484 
-11.605 -0.655 -4.435
CG 1485 
-6.475 -10.745 17.655
CG 1486 
-15.095 5.125 -18.395
CG 1487 
-6.675 -12.405 10.185
CG 1488 
-20.045 18.225 -9.645
CG 1489 
-19.415 2.465 1.825
CG 1490 
-6.565 -4.265 14.025
CG 1491 
7.445 -15.025 11.395
CG 1492 
-12.085 11.625 -3.735
CG 1493 
15.455 0.835 19.955
CG 1494 
-0.825 -18.285 13.025
CG 1495 
17.995 1.345 -19.645
CG 1496 
-6.265 16.785 -8.195
CG 1497 
-10.965 3.645 -8.015
CG 1498 
-5.435 5.545 2.325
CG 1499 
-10.725 -13.175 -4.725
CG 1500 
14.845 -2.345 16.895
CG 1501 
13.415 -4.665 -4.565
CG 1502 
-8.195 18.345 -14.415
CG 1503 
-10.835 8.325 5.525
CG 1504 
-18.335 -11.235 -16.245
CG 1505 
-13.515 -2.325 -15.725
CG 1506 
-7.305 19.555 -10.975
CG 1507 
-11.405 -16.415 -14.485
CG 1508 
-5.975 -1.215 -6.875
CG 1509 
10.685 -7.535 14.635
CG 1510 
12.565 9.025 -18.375
CG 1511 
-17.785 -6.795 -14.555
CG 1512 
8.775 -13.495 -9.235
CG 1513 
-19.695 -20.055 -7.165
CG 1514 
-6.405 -17.545 -16.075
CG 1515 
8.175 11.405 5.025
CG 1516 
-3.745 2.035 -14.515
CG 1517 
17.485 -10.405 16.165
CG 1518 
-10.065 16.815 18.275
CG 1519 
-5.765 13.105 14.925
CG 1520 
-15.835 -15.785 -17.655
CG 1521 
-10.955 2.505 -10.745
CG 1522 
-11.865 1.505 17.755
CG 1523 
7.595 -4.415 -12.575
CG 1524 
10.965 -0.895 -9.805
CG 1525 
8.895 -9.685 1.225
CG 1526 
1.745 -10.645 15.095
CG 1527 
15.655 8.805 -18.495
CG 1528 
-19.185 11.625 -1.435
CG 1529 
-13.115 -15.055 -10.685
CG 1530 
14.995 -3.795 2.595
CG 1531 
-8.795 1.105 15.645
CG 1532 
3.715 -18.555 1.815
CG 1533 
-6.685 -11.325 -19.595
CG 1534 
11.615 -6.465 8.745
CG 1535 
-6.085 0.185 -17.515
CG 1536 
10.365 -10.055 -11.425
CG 1537 
14.685 -4.895 13.525
CG 1538 
8.625 -5.185 16.045
CG 1539 
-0.445 6.885 -8.845
CG 1540 
-13.225 19.015 -9.695
CG 1541 
4.535 -7.565 3.745
CG 1542 
-18.375 4.575 -2.615
CG 1543 
18.645 -14.975 -1.935
CG 1544 
-7.645 10.885 -17.115
CG 1545 
4.345 0.285 5.985
CG 1546 
-9.685 13.175 -12.545
CG 1547 
-12.875 -12.405 -14.235
CG 1548 
-17.325 3.975 12.545
CG 1549 
-7.985 2.935 2.385
CG 1550 
1.255 14.305 8.455
CG 1551 
19.635 -9.885 -17.865
CG 1552 
-19.455 4.435 9.535
CG 1553 
-6.635 -8.795 7.115
CG 1554 
17.255 10.455 1.775
CG 1555 
7.185 2.185 6.695
CG 1556 
1.565 -17.925 -11.915
CG 1557 
17.725 -1.725 4.765
CG 1558 
-13.805 15.625 13.585
CG 1559 
2.705 -17.955 11.705
CG 1560 
13.065 -15.565 -17.445
CG 1561 
-7.005 -5.495 -10.075
CG 1562 
8.675 3.675 10.775
CG 1563 
-7.375 -8.305 16.505
CG 1564 
-15.935 -0.995 -14.845
CG 1565 
5.965 -13.925 0.345
CG 1566 
-18.755 -6.145 14.105
CG 1567 
-14.945 5.575 6.005
CG 1568 
-5.925 -9.185 14.425
CG 1569 
-2.385 5.065 -8.615
CG 1570 
13.655 -13.755 -9.385
CG 1571 
-5.075 -19.715 18.925
CG 1572 
-13.425 16.725 -11.085
CG 1573 
0.245 0.495 -4.315
CG 1574 
-1.715 -10.345 8.775
CG 1575 
-18.205 -13.215 7.995
CG 1576 
-10.655 5.715 -10.475
CG 1577 
-16.165 -17.755 -0.335
CG 1578 
8.845 15.555 13.555
CG 1579 
18.015 -1.335 8.895
CG 1580 
-7.865 -7.275 -5.225
CG 1581 
2.105 -9.775 -19.955
CG 1582 
-11.405 -7.035 6.875
CG 1583 
-10.485 10.555 -18.225
CG 1584 
-3.185 4.205 1.175
CG 1585 
12.335 17.305 14.125
CG 1586 
8.835 17.935 -8.215
CG 1587 
14.295 8.735 -10.765
CG 1588 
-6.145 1.005 16.455
CG 1589 
-19.285 3.665 16.525
CG 1590 
18.995 -12.675 -4.225
CG 1591 
-9.795 -9.855 11.745
CG 1592 
-15.935 -3.905 -8.965
CG 1593 
13.735 -18.375 7.395
CG 1594 
-7.695 -11.995 15.495
CG 1595 
17.955 -6.955 -15.985
CG 1596 
9.315 -13.845 13.055
CG 1597 
-5.715 1.445 -12.675
CG 1598 
13.445 8.095 -2.015
CG 1599 
-19.515 11.445 6.035
CG 1600 
4.615 6.275 -1.355
CG 1601 
-2.605 8.075 14.445
CG 1602 
19.295 5.045 -1.915
CG 1603 
9.975 0.615 -5.015
CG 1604 
4.435 16.445 14.625
CG 1605 
3.025 -10.385 17.835
CG 1606 
15.075 -10.395 -8.955
CG 1607 
16.095 11.335 -11.405
CG 1608 
11.865 -12.655 -13.065
CG 1609 
-6.585 13.605 6.475
CG 1610 
0.855 -5.115 -2.985
CG 1611 
8.795 -15.175 9.145
CG 1612 
18.015 8.835 10.815
CG 1613 
17.495 -16.695 18.825
CG 1614 
5.595 -15.265 5.125
CG 1615 
15.835 -4.475 -0.885
CG 1616 
4.155 -14.455 13.815
CG 1617 
-18.025 8.755 -13.825
CG 1618 
-16.965 -14.715 18.935
CG 1619 
-17.815 15.385 5.595
CG 1620 
-8.915 -12.335 12.255
CG 1621 
-19.635 -14.305 18.715
CG 1622 
-11.785 -13.715 18.465
CG 1623 
-18.365 16.925 2.285
CG 1624 
-7.375 6.355 -2.035
CG 1625 
3.755 1.485 -7.935
CG 1626 
3.405 -0.945 -13.095
CG 1627 
18.375 12.305 18.035
CG 1628 
-13.725 3.565 13.915
CG 1629 
-9.605 -0.035 -14.655
CG 1630 
6.195 -1.075 16.395
CG 1631 
-4.005 -14.825 -3.355
CG 1632 
0.345 6.975 6.595
CG 1633 
-17.705 -18.305 -8.305
CG 1634 
18.265 -0.885 -6.755
CG 1635 
15.445 9.755 17.305
CG 1636 
-8.105 -0.605 13.665
CG 1637 
13.305 -2.225 19.025
CG 1638 
-2.115 -1.705 9.035
CG 1639 
-0.025 14.685 -5.305
CG 1640 
-1.585 6.585 1.255
CG 1641 
-18.375 14.415 14.395
CG 1642 
-8.825 -14.995 0.885
CG 1643 
-11.445 1.325 8.015
CG 1644 
5.485 2.735 15.675
CG 1645 
-2.205 4.645 17.925
CG 1646 
-18.045 1.255 12.585
CG 1647 
15.845 -1.855 0.625
CG 1648 
-4.645 19.955 -14.505
CG 1649 
14.295 18.095 -13.515
CG 1650 
-17.725 11.625 8.685
CG 1651 
10.245 -18.295 14.875
CG 1652 
7.955 -11.715 9.695
CG 1653 
-5.485 -1.705 13.705
CG 1654 
19.095 -13.205 13.825
CG 1655 
13.615 6.325 -13.355
CG 1656 
-15.635 7.395 19.085
CG 1657 
4.385 15.035 -18.015
CG 1658 
12.915 16.095 -15.175
CG 1659 
-17.085 -17.055 -3.025
CG 1660 
17.435 -3.275 13.175
CG 1661 
-11.055 19.725 -15.595
CG 1662 
4.075 -11.525 13.935
CG 1663 
17.045 8.495 8.025
CG 1664 
-10.235 -18.985 1.375
CG 1665 
-14.255 -18.205 8.255
CG 1666 
16.935 -4.455 8.085
CG 1667 
17.065 -12.775 6.015
CG 1668 
-17.105 7.005 -12.105
CG 1669 
-3.465 16.825 -9.595
CG 1670 
-16.965 -10.995 -12.375
CG 1671 
6.355 4.385 -0.295
CG 1672 
6.215 -18.415 6.595
CG 1673 
9.825 19.485 -3.955
CG 1674 
-1.065 -0.415 6.315
CG 1675 
-5.715 1.185 19.095
CG 1676 
-13.705 13.005 16.765
CG 1677 
-6.965 6.075 16.705
CG 1678 
7.875 9.045 13.975
CG 1679 
3.205 -10.045 -0.615
CG 1680 
5.405 -7.955 18.165
CG 1681 
2.135 9.005 2.955
CG 1682 
19.265 13.165 -8.945
CG 1683 
7.175 -4.785 4.295
CG 1684 
-2.035 15.735 16.915
CG 1685 
-9.715 1.475 -6.825
CG 1686 
4.815 -7.675 -18.005
CG 1687 
8.065 4.585 -19.275
CG 1688 
8.595 -8.725 15.835
CG 1689 
-8.735 -17.925 4.925
CG 1690 
9.035 -7.465 -14.975
CG 1691 
-16.655 -17.915 18.895
CG 1692 
1.715 -7.965 4.305
CG 1693 
-3.105 -14.505 -7.515
CG 1694 
-1.275 19.395 9.205
CG 1695 
-7.275 -11.295 -4.135
CG 1696 
-2.915 -9.625 -18.495
CG 1697 
8.135 -19.525 -7.585
CG 1698 
3.305 -6.395 19.085
CG 1699 
2.305 18.695 10.395
CG 1700 
-10.975 -0.065 -10.895
CG 1701 
16.385 4.955 -2.165
CG 1702 
-7.185 8.345 6.285
CG 1703 
6.625 -11.495 1.155
CG 1704 
-4.905 -7.855 -19.485
CG 1705 
19.875 -13.295 5.495
CG 1706 
-17.615 2.615 18.155
CG 1707 
10.395 -15.465 -8.815
CG 1708 
-10.765 -11.365 -1.975
CG 1709 
0.435 -19.665 -18.795
CG 1710 
6.795 16.275 -7.705
CG 1711 
-17.375 4.555 -13.485
CG 1712 
12.175 -15.285 19.145
CG 1713 
18.905 -18.955 6.765
CG 1714 
1.545 -18.565 5.865
CG 1715 
-7.655 -13.315 -18.125
CG 1716 
-0.025 5.235 -16.885
CG 1717 
5.595 4.315 19.155
CG 1718 
7.905 18.975 -13.555
CG 1719 
13.055 -7.405 -13.845
CG 1720 
-6.805 -7.705 -0.895
CG 1721 
5.525 16.245 -12.495
CG 1722 
-19.185 -3.415 3.865
CG 1723 
16.215 -6.515 10.405
CG 1724 
-6.095 17.565 11.325
CG 1725 
10.035 7.535 12.455
CG 1726 
15.005 16.995 18.115
CG 1727 
-2.675 -0.555 -8.555
CG 1728 
-1.695 1.495 -10.325
CG 1729 
3.845 -9.075 -10.645
CG 1730 
7.865 5.915 1.935
CG 1731 
-7.565 -6.185 9.875
CG 1732 
8.465 -15.725 0.695
CG 1733 
-15.695 16.165 -6.065
CG 1734 
14.345 -17.895 3.285
CG 1735 
-6.335 -8.715 -3.545
CG 1736 
-19.625 1.665 10.025
CG 1737 
-15.815 18.835 -2.305
CG 1738 
-18.345 11.215 -8.605
CG 1739 
-0.975 -9.985 16.675
CG 1740 
-10.305 -2.755 -17.665
CG 1741 
-4.255 -0.015 8.765
CG 1742 
12.315 14.865 -6.675
CG 1743 
-15.295 -17.965 4.025
CG 1744 
16.435 -13.105 -14.385
CG 1745 
9.575 17.685 5.065
CG 1746 
4.705 -3.605 -13.365
CG 1747 
-13.485 -15.815 -19.205
CG 1748 
-3.035 -9.295 -7.555
CG 1749 
-13.615 -19.765 -5.705
CG 1750 
16.035 -2.495 -7.925
CG 1751 
-1.025 -4.125 9.645
CG 1752 
-1.665 14.035 9.325
CG 1753 
3.325 12.335 7.015
CG 1754 
5.325 -14.785 9.555
CG 1755 
1.565 15.315 -17.805
CG 1756 
-4.415 -11.185 7.525
CG 1757 
2.465 -0.335 -10.635
CG 1758 
7.305 -3.325 -1.315
CG 1759 
-8.715 16.295 14.105
CG 1760 
12.825 0.905 13.335
CG 1761 
-14.905 -0.875 10.195
CG 1762 
-19.525 -7.655 5.145
CG 1763 
-19.215 -3.505 -0.745
CG 1764 
-9.335 4.615 4.875
CG 1765 
-17.875 -17.825 -17.765
CG 1766 
19.865 19.855 9.755
CG 1767 
-3.555 -16.825 1.325
CG 1768 
-0.805 -13.315 -8.485
CG 1769 
-9.435 -4.045 8.875
CG 1770 
6.955 12.425 17.205
CG 1771 
8.345 -12.825 17.665
CG 1772 
0.785 11.675 -18.145
CG 1773 
-3.405 -0.405 4.625
CG 1774 
-12.415 -18.935 10.325
CG 1775 
-4.205 20.135 -5.585
CG 1776 
16.285 -4.475 -12.655
CG 1777 
18.795 4.565 19.855
CG 1778 
-18.775 -2.215 9.125
CG 1779 
-16.935 12.745 -11.895
CG 1780 
16.015 17.695 -8.425
CG 1781 
-9.465 -2.415 5.085
CG 1782 
-4.015 -18.465 7.265
CG 1783 
4.985 -1.155 12.365
CG 1784 
-2.705 9.145 4.805
CG 1785 
13.055 20.065 -11.485
CG 1786 
9.505 12.855 11.655
CG 1787 
-6.845 -8.845 -17.755
CG 1788 
-11.265 -5.365 1.215
CG 1789 
15.505 15.125 16.365
CG 1790 
17.195 -8.235 -9.195
CG 1791 
13.445 9.385 -15.335
CG 1792 
-9.005 5.435 12.095
CG 1793 
11.165 8.175 17.745
CG 1794 
-18.965 -4.345 -19.455
CG 1795 
-1.595 2.525 -2.175
CG 1796 
12.785 -15.345 15.005
CG 1797 
17.865 -2.895 -3.225
CG 1798 
0.245 15.785 20.075
CG 1799 
-10.855 8.395 18.475
CG 1800 
-10.795 -3.295 18.385
CG 1801 
-7.355 -13.615 4.295
CG 1802 
-17.785 20.115 -1.145
CG 1803 
8.905 -6.135 -19.565
CG 1804 
-2.395 -7.075 -0.745
CG 1805 
4.915 -17.805 10.125
CG 1806 
19.665 3.325 -8.205
CG 1807 
15.035 3.415 4.585
CG 1808 
14.135 -11.425 -13.925
CG 1809 
-18.625 8.515 -7.795
CG 1810 
-13.375 14.225 11.125
CG 1811 
7.105 -5.625 18.645
CG 1812 
-4.655 -5.185 10.005
CG 1813 
-12.055 -7.765 10.785
CG 1814 
5.525 19.805 3.495
CG 1815 
-3.265 19.635 11.065
CG 1816 
-15.065 -2.555 -4.395
CG 1817 
-8.075 -12.185 -1.605
CG 1818 
10.425 -4.085 11.945
CG 1819 
1.095 -4.805 14.075
CG 1820 
17.495 3.035 11.735
CG 1821 
13.185 -12.065 -6.015
CG 1822 
-8.275 8.615 14.755
CG 1823 
15.345 14.745 -15.595
CG 1824 
18.975 10.985 13.265
CG 1825 
-6.025 -13.785 -9.295
CG 1826 
12.675 12.545 -19.945
CG 1827 
-0.765 19.035 -3.445
CG 1828 
7.805 -12.995 -1.985
CG 1829 
19.775 -12.435 8.685
CG 1830 
4.055 -1.655 2.005
CG 1831 
0.045 9.345 -13.575
CG 1832 
4.265 -1.685 -5.255
CG 1833 
-8.685 11.685 18.825
CG 1834 
20.125 -11.865 11.275
CG 1835 
0.925 3.885 -1.335
CG 1836 
17.945 -9.595 -15.895
CG 1837 
15.575 -19.155 -14.775
CG 1838 
2.065 7.005 -11.135
CG 1839 
11.435 17.925 -10.985
CG 1840 
-19.775 19.465 -2.805
CG 1841 
-2.285 16.315 -1.655
CG 1842 
0.205 17.015 8.585
CG 1843 
3.255 -11.885 -3.755
CG 1844 
-20.125 -16.255 -18.895
CG 1845 
6.945 -11.935 -15.905
CG 1846 
3.505 -1.495 -19.325
CG 1847 
-4.395 -11.975 19.225
CG 1848 
11.725 -16.615 0.455
CG 1849 
-7.255 -0.615 9.845
CG 1850 
-5.305 -19.115 9.755
CG 1851 
-1.645 16.625 5.785
CG 1852 
6.085 -17.095 -4.575
CG 1853 
19.085 14.335 -4.885
CG 1854 
-16.945 -13.535 -13.725
CG 1855 
-14.745 -8.795 15.375
CG 1856 
16.455 12.955 5.205
CG 1857 
-14.585 -19.335 15.495
CG 1858 
-9.665 13.125 10.035
CG 1859 
-12.425 -3.135 2.305
CG 1860 
15.695 -2.175 -13.805
CG 1861 
8.705 -16.665 -15.885
CG 1862 
7.315 18.545 11.825
CG 1863 
-18.455 15.245 19.915
CG 1864 
-19.605 -0.945 -2.405
CG 1865 
0.805 10.005 -4.885
CG 1866 
-1.715 -3.945 14.785
CG 1867 
14.495 14.775 4.125
CG 1868 
-8.045 3.615 -1.295
CG 1869 
18.545 10.855 6.905
CG 1870 
17.985 -5.135 0.745
CG 1871 
7.285 -13.995 -6.405
CG 1872 
9.865 16.935 11.465
CG 1873 
-19.005 7.625 1.205
CG 1874 
16.285 -3.425 10.505
CG 1875 
-7.285 3.465 17.545
CG 1876 
-8.305 18.015 -2.075
CG 1877 
3.315 12.905 -10.805
CG 1878 
-0.515 -19.185 -15.545
CG 1879 
-12.735 17.995 12.205
CG 1880 
-0.015 18.715 -8.365
CG 1881 
-16.335 -14.655 9.205
CG 1882 
-10.375 -0.905 17.105
CG 1883 
-16.665 2.425 -9.675
CG 1884 
-17.665 19.865 17.005
CG 1885 
3.155 14.495 12.005
CG 1886 
14.085 10.285 -12.915
CG 1887 
12.475 4.475 -10.705
CG 1888 
-1.155 13.715 18.975
CG 1889 
-7.175 0.845 4.625
CG 1890 
-15.495 -8.515 -0.145
CG 1891 
-11.495 -0.475 -16.665
CG 1892 
13.755 14.765 -11.465
CG 1893 
-4.985 12.865 -7.995
CG 1894 
-13.975 19.005 2.435
CG 1895 
-1.635 2.725 11.875
CG 1896 
-1.105 12.075 -13.665
CG 1897 
-10.385 -2.545 -7.385
CG 1898 
5.945 17.425 5.245
CG 1899 
-17.765 16.595 -9.625
CG 1900 
-11.795 -2.725 -13.625
CG 1901 
8.075 -3.045 7.905
CG 1902 
-14.805 -13.425 5.255
CG 1903 
15.345 -0.505 -17.185
CG 1904 
11.055 1.885 -18.265
CG 1905 
-1.525 -10.835 -5.305
CG 1906 
2.175 -20.125 -15.375
CG 1907 
5.925 11.335 -15.095
CG 1908 
10.965 -2.905 6.895
CG 1909 
-2.395 12.665 13.975
CG 1910 
5.565 -12.505 4.895
CG 1911 
-13.945 -13.205 8.035
CG 1912 
20.015 -5.195 -9.975
CG 1913 
-7.945 -0.905 -3.435
CG 1914 
2.325 17.015 -9.365
CG 1915 
-8.715 14.655 -4.935
CG 1916 
-9.065 11.345 -10.755
CG 1917 
-13.105 -2.615 -6.305
CG 1918 
-4.765 10.505 17.305
CG 1919 
-10.375 4.775 -0.705
CG 1920 
1.395 -0.015 10.205
CG 1921 
6.115 -0.215 -8.085
CG 1922 
-0.885 -12.885 -1.895
CG 1923 
-1.365 15.545 14.145
CG 1924 
0.815 -6.115 -17.745
CG 1925 
-12.725 11.955 8.585
CG 1926 
12.075 4.825 -7.725
CG 1927 
10.185 6.945 3.165
CG 1928 
5.195 8.705 -9.075
CG 1929 
4.535 -2.255 -10.745
CG 1930 
7.135 -2.765 18.565
CG 1931 
-5.535 -2.495 -3.975
CG 1932 
6.205 -17.635 17.755
CG 1933 
17.075 -7.575 13.745
CG 1934 
-17.765 14.335 -13.965
CG 1935 
14.965 4.895 -16.705
CG 1936 
-4.755 -3.005 -16.575
CG 1937 
7.785 -15.535 -3.145
CG 1938 
17.205 9.245 -16.055
CG 1939 
-11.615 10.835 11.515
CG 1940 
12.795 -10.395 17.215
CG 1941 
11.155 -5.625 -17.495
CG 1942 
10.815 -17.925 19.915
CG 1943 
2.685 -5.285 -6.115
CG 1944 
-3.635 -12.775 14.545
CG 1945 
18.695 -7.395 10.315
CG 1946 
1.745 12.375 19.735
CG 1947 
-10.425 9.145 9.005
CG 1948 
-10.215 8.915 -16.035
CG 1949 
-18.965 -0.365 4.445
CG 1950 
-11.045 17.205 5.695
CG 1951 
-6.175 14.825 -6.055
CG 1952 
4.455 -15.615 16.745
CG 1953 
4.265 -8.345 10.505
CG 1954 
-5.655 16.625 -3.985
CG 1955 
-15.865 10.185 -9.325
CG 1956 
10.755 15.425 -3.505
CG 1957 
19.625 1.675 -14.335
CG 1958 
0.725 -2.175 -20.095
CG 1959 
-8.935 -0.635 -18.725
CG 1960 
7.865 -19.375 15.915
CG 1961 
-15.985 -3.175 -20.105
CG 1962 
8.265 -5.355 -16.815
CG 1963 
1.655 -12.645 -16.385
CG 1964 
15.955 0.245 -3.205
CG 1965 
10.075 12.705 -18.625
CG 1966 
-15.675 6.275 8.895
CG 1967 
-3.325 15.105 11.405
CG 1968 
-18.215 -14.715 2.145
CG 1969 
-11.115 14.945 -8.575
CG 1970 
-2.455 6.265 6.875
CG 1971 
18.415 0.355 11.085
CG 1972 
-13.055 9.765 -5.245
CG 1973 
-14.505 10.305 9.835
CG 1974 
-6.655 -19.625 16.705
CG 1975 
15.345 -10.745 4.765
CG 1976 
14.895 1.155 6.595
CG 1977 
-4.485 -9.695 10.185
CG 1978 
-5.375 17.295 1.805
CG 1979 
-19.775 18.935 0.995
CG 1980 
1.155 -10.425 1.535
CG 1981 
-0.915 0.965 -6.675
CG 1982 
-1.545 10.335 -10.075
CG 1983 
14.985 -14.205 -1.245
CG 1984 
18.125 -10.005 10.975
CG 1985 
9.715 -11.055 12.685
CG 1986 
17.905 -3.465 -10.225
CG 1987 
16.095 -17.005 -16.465
CG 1988 
-8.955 -1.845 -1.075
CG 1989 
-2.865 -8.115 11.705
CG 1990 
0.495 -7.645 1.805
CG 1991 
-16.495 -6.905 -16.935
CG 1992 
17.445 -15.325 -12.095
CG 1993 
16.915 -14.795 12.535
CG 1994 
0.555 9.635 9.145
CG 1995 
-19.565 13.785 -18.515
CG 1996 
10.375 -12.235 -5.405
CG 1997 
-2.035 -18.975 -4.565
CG 1998 
-3.805 -17.985 14.125
CG 1999 
17.545 -6.945 -3.025
CG 2000 
-6.705 14.065 -15.565
CG 2001 
-13.765 -13.055 -4.115
CG 2002 
9.205 2.685 18.245
CG 2003 
1.165 -7.485 -7.045
CG 2004 
-16.325 -5.335 15.855
CG 2005 
10.015 -17.075 10.475
CG 2006 
-14.485 3.405 -4.665
CG 2007 
5.525 -5.065 -18.005
CG 2008 
17.345 -14.915 15.605
CG 2009 
20.045 -13.355 -16.735
CG 2010 
-12.635 -15.305 2.265
CG 2011 
-11.035 -19.055 -4.085
CG 2012 
14.045 -16.495 -10.695
CG 2013 
-18.655 -15.525 -9.185
CG 2014 
-11.445 -16.815 -8.195
CG 2015 
-4.915 -16.065 12.575
CG 2016 
16.035 7.025 -14.725
CG 2017 
14.485 10.685 -2.135
CG 2018 
17.965 7.815 -7.325
CG 2019 
-9.155 16.125 10.995
CG 2020 
-8.195 -15.385 15.895
CG 2021 
4.405 -5.525 9.065
CG 2022 
-16.785 -8.125 13.825
CG 2023 
0.795 -0.645 -8.485
CG 2024 
-12.865 -16.605 12.075
CG 2025 
-7.605 4.325 -12.625
CG 2026 
-12.135 -16.745 -1.435
CG 2027 
-7.435 1.925 -3.815
CG 2028 
4.795 -19.445 -2.845
CG 2029 
-1.385 -13.715 17.025
CG 2030 
-7.085 11.555 1.145
CG 2031 
-12.375 6.775 -15.165
CG 2032 
4.525 -3.585 -16.095
CG 2033 
-10.045 0.765 1.805
CG 2034 
-1.625 1.965 -13.095
CG 2035 
-10.035 -14.505 -15.585
CG 2036 
14.025 -5.335 8.915
CG 2037 
10.365 -0.985 4.985
CG 2038 
10.345 -11.925 -2.725
CG 2039 
-16.365 -5.145 -4.435
CG 2040 
-13.515 -15.385 16.245
CG 2041 
-12.905 -8.795 -16.505
CG 2042 
18.275 -8.815 -19.915
CG 2043 
-1.915 3.325 4.315
CG 2044 
17.665 -15.265 4.115
CG 2045 
-5.605 13.355 -11.645
CG 2046 
-8.025 -10.025 -14.865
CG 2047 
-5.245 18.385 -12.495
CG 2048 
14.085 -3.545 5.295
CG 2049 
-13.445 17.775 -5.835
CG 2050 
-16.315 -0.825 4.135
CG 2051 
-19.585 14.555 3.635
CG 2052 
15.405 17.795 7.245
CG 2053 
-13.675 -0.245 4.795
CG 2054 
9.845 2.825 6.315
CG 2055 
-9.585 -4.815 -5.055
CG 2056 
-13.325 -1.975 17.415
CG 2057 
-0.545 7.765 -15.795
CG 2058 
-0.165 -2.665 16.955
CG 2059 
-13.635 13.905 -1.595
CG 2060 
-0.125 19.925 -12.785
CG 2061 
-3.685 -7.285 18.305
CG 2062 
-8.275 6.595 -17.015
CG 2063 
10.545 -11.535 -8.415
CG 2064 
-12.505 4.075 1.365
CG 2065 
10.505 -5.005 -2.385
CG 2066 
-11.125 9.045 -9.415
CG 2067 
1.545 -14.165 -9.375
CG 2068 
0.965 -13.545 0.685
CG 2069 
-1.715 -4.555 12.125
CG 2070 
-12.105 3.855 4.715
CG 2071 
-0.845 -7.115 15.965
CG 2072 
10.395 11.655 -8.715
CG 2073 
6.545 19.835 -10.025
CG 2074 
-17.145 14.395 -4.395
CG 2075 
-8.185 13.365 -0.165
CG 2076 
-12.625 15.345 7.295
CG 2077 
-13.895 1.175 15.795
CG 2078 
-16.515 -8.925 -10.055
CG 2079 
11.925 16.305 2.475
CG 2080 
9.585 16.775 0.855
CG 2081 
18.275 -9.525 -1.815
CG 2082 
-7.565 -0.965 2.245
CG 2083 
-1.545 18.505 17.305
CG 2084 
10.565 -17.645 5.155
CG 2085 
-2.045 15.835 -12.525
CG 2086 
-5.025 19.935 13.205
CG 2087 
-9.045 -8.125 -12.225
CG 2088 
-6.155 -17.445 -19.695
CG 2089 
-11.335 -12.195 15.985
CG 2090 
0.385 19.195 19.315
CG 2091 
20.005 14.755 -15.985
CG 2092 
-14.705 -12.485 -1.655
CG 2093 
8.205 -7.555 4.595
CG 2094 
11.855 8.565 1.635
CG 2095 
10.165 -4.045 9.295
CG 2096 
4.775 6.845 3.945
CG 2097 
0.805 11.065 6.945
CG 2098 
-0.205 -1.895 13.175
CG 2099 
-3.905 11.145 -12.155
CG 2100 
-9.525 -8.095 -2.115
CG 2101 
-7.685 -8.195 11.985
CG 2102 
14.175 15.015 -3.755
CG 2103 
3.065 -17.105 -3.605
CG 2104 
15.035 -19.285 12.185
CG 2105 
-2.935 -2.925 -0.375
CG 2106 
4.645 17.345 -19.485
CG 2107 
19.575 17.155 8.035
CG 2108 
-4.695 -3.255 3.955
CG 2109 
-9.485 -10.085 -9.405
CG 2110 
18.485 -9.575 2.565
CG 2111 
10.995 -10.175 3.015
CG 2112 
2.375 -0.235 -6.355
CG 2113 
-8.395 -6.105 18.875
CG 2114 
-9.975 -10.875 -12.125
CG 2115 
-5.705 1.685 11.845
CG 2116 
-3.235 4.545 -1.445
CG 2117 
8.255 0.745 -9.345
CG 2118 
-4.335 -10.485 -1.925
CG 2119 
-16.895 -16.075 13.425
CG 2120 
12.465 0.915 -16.165
CG 2121 
-3.635 -7.975 15.485
CG 2122 
6.325 4.895 4.855
CG 2123 
11.525 -11.995 4.665
CG 2124 
-5.475 -0.475 0.715
CG 2125 
-9.125 5.925 -14.145
CG 2126 
-9.135 -8.315 5.875
CG 2127 
17.605 -16.385 -18.665
CG 2128 
0.155 7.185 -19.485
CG 2129 
-16.385 15.475 -15.985
CG 2130 
-15.665 1.515 -7.135
CG 2131 
-16.425 5.495 -9.175
CG 2132 
18.775 6.125 10.695
CG 2133 
-2.995 -12.375 -3.375
CG 2134 
13.145 19.005 -1.165
CG 2135 
12.485 -15.945 4.115
CG 2136 
-9.015 -12.055 3.135
CG 2137 
-9.895 -19.265 7.085
CG 2138 
2.415 7.385 17.735
CG 2139 
4.795 8.245 16.715
CG 2140 
19.615 9.655 -14.355
CG 2141 
2.405 -16.315 -13.885
CG 2142 
-12.575 -6.055 -16.635
CG 2143 
-3.135 19.025 -10.955
CG 2144 
8.825 -0.425 19.085
CG 2145 
20.045 -4.865 7.075
CG 2146 
-12.935 6.365 8.035
CG 2147 
-9.955 -15.645 8.975
CG 2148 
-9.405 -2.295 -11.555
CG 2149 
8.355 -13.985 6.665
CG 2150 
-18.705 1.165 -16.135
CG 2151 
-15.795 -8.735 -19.705
CG 2152 
-13.355 1.205 1.505
CG 2153 
-2.125 18.915 -15.255
CG 2154 
11.715 -6.475 -0.325
CG 2155 
10.245 -10.335 17.705
CG 2156 
16.785 -14.605 -4.015
CG 2157 
-18.635 -17.315 -12.975
CG 2158 
-12.605 17.725 -19.005
CG 2159 
12.465 -11.475 -10.115
CG 2160 
-10.755 -3.995 -9.865
CG 2161 
-14.175 -3.875 -0.145
CG 2162 
-18.565 8.825 -17.645
CG 2163 
-17.895 4.875 6.865
CG 2164 
17.095 8.705 -3.345
CG 2165 
-2.645 14.745 3.115
CG 2166 
7.135 -0.635 6.455
CG 2167 
-11.965 11.855 4.015
CG 2168 
-13.075 5.615 -9.245
CG 2169 
10.495 -14.125 -17.245
CG 2170 
0.625 -0.215 -0.455
CG 2171 
-19.445 -12.905 -2.315
CG 2172 
12.715 -11.415 -1.245
CG 2173 
-8.375 7.845 -5.455
CG 2174 
1.625 -0.005 14.465
CG 2175 
18.585 -0.235 -4.025
CG 2176 
15.385 12.235 18.405
CG 2177 
-2.435 20.045 -18.945
CG 2178 
0.775 -4.575 3.075
CG 2179 
-11.255 5.765 18.335
CG 2180 
-5.875 -13.695 13.355
