0.29173 11.9634 0.303362 20.2737 0.295815 0.123095
0.29174 11.9634 0.303362 20.2737 0.295815 0.123095
0.29175 11.9634 0.303362 20.2737 0.295815 0.123095
0.29176 11.9634 0.303362 20.2737 0.295815 0.123095
0.29173 11.9635 0.303362 20.2737 0.295815 0.123095
0.29173 11.9636 0.303362 20.2737 0.295815 0.123095
0.29173 11.9637 0.303362 20.2737 0.295815 0.123095
0.29173 11.9634 0.303363 20.2737 0.295815 0.123095
0.29173 11.9634 0.303364 20.2737 0.295815 0.123095
0.29173 11.9634 0.303365 20.2737 0.295815 0.123095
0.29173 11.9634 0.303366 20.2737 0.295815 0.123095
0.29173 11.9634 0.303367 20.2737 0.295815 0.123095
0.29173 11.9634 0.303368 20.2737 0.295815 0.123095
0.29173 11.9634 0.303362 20.2738 0.295815 0.123095
0.29173 11.9634 0.303362 20.2739 0.295815 0.123095
0.29173 11.9634 0.303362 20.2737 0.295816 0.123095
0.29173 11.9634 0.303362 20.2737 0.295817 0.123095
0.29173 11.9634 0.303362 20.2737 0.295815 0.123096
0.29173 11.9634 0.303362 20.2737 0.295815 0.123097
