0.364962 0.0776826 -0.000135783 3.06428 0.358733 0.0306229
0.364963 0.0776826 -0.000135783 3.06428 0.358733 0.0306229
0.364964 0.0776826 -0.000135783 3.06428 0.358733 0.0306229
0.364965 0.0776826 -0.000135783 3.06428 0.358733 0.0306229
0.364966 0.0776826 -0.000135783 3.06428 0.358733 0.0306229
0.364967 0.0776826 -0.000135783 3.06428 0.358733 0.0306229
0.364968 0.0776826 -0.000135783 3.06428 0.358733 0.0306229
0.364962 0.0776827 -0.000135783 3.06428 0.358733 0.0306229
0.364962 0.0776828 -0.000135783 3.06428 0.358733 0.0306229
0.364962 0.0776826 -0.000135784 3.06428 0.358733 0.0306229
0.364962 0.0776826 -0.000135785 3.06428 0.358733 0.0306229
0.364962 0.0776826 -0.000135786 3.06428 0.358733 0.0306229
0.364962 0.0776826 -0.000135787 3.06428 0.358733 0.0306229
0.364962 0.0776826 -0.000135783 3.06429 0.358733 0.0306229
0.364962 0.0776826 -0.000135783 3.06428 0.358734 0.0306229
0.364962 0.0776826 -0.000135783 3.06428 0.358735 0.0306229
0.364962 0.0776826 -0.000135783 3.06428 0.358736 0.0306229
0.364962 0.0776826 -0.000135783 3.06428 0.358733 0.0306228
0.364962 0.0776826 -0.000135783 3.06428 0.358733 0.0306227
