0.255634  7.6869    0.139026  8.15113   0.318558  0.0443132 
0.255635  7.6869    0.139026  8.15113   0.318558  0.0443132 
0.255636  7.6869    0.139026  8.15113   0.318558  0.0443132 
0.255637  7.6869    0.139026  8.15113   0.318558  0.0443132 
0.255638  7.6869    0.139026  8.15113   0.318558  0.0443132 
0.255639  7.6869    0.139026  8.15113   0.318558  0.0443132 
0.255634  7.6868    0.139026  8.15113   0.318558  0.0443132 
0.255634  7.6867    0.139026  8.15113   0.318558  0.0443132 
0.255634  7.6866    0.139026  8.15113   0.318558  0.0443132 
0.255634  7.6865    0.139026  8.15113   0.318558  0.0443132 
0.255634  7.6869    0.139027  8.15113   0.318558  0.0443132 
0.255634  7.6869    0.139028  8.15113   0.318558  0.0443132 
0.255634  7.6869    0.139029  8.15113   0.318558  0.0443132 
0.255634  7.6869    0.139026  8.15114   0.318558  0.0443132 
0.255634  7.6869    0.139026  8.15115   0.318558  0.0443132 
0.255634  7.6869    0.139026  8.15116   0.318558  0.0443132 
0.255634  7.6869    0.139026  8.15113   0.318559  0.0443132 
0.255634  7.6869    0.139026  8.15113   0.318558  0.0443133 
0.255634  7.6869    0.139026  8.15113   0.318558  0.0443134 
